INSERT INTO `tbindex_hitung` (`id_index`, `term`, `id_doc`, `jumlah`, `bobot`) VALUES
	(1, 'rancang', 1, 1, 1.44716),
	(2, 'revisi', 1, 1, 0.970037),
	(3, 'atur', 1, 1, 0.845098),
	(4, 'perintah', 1, 2, 1.49638),
	(5, 'pp', 1, 2, 1.94007),
	(6, 'nomor', 1, 2, 1.6902),
	(7, 'ubah', 1, 2, 1.33801),
	(8, 'syarat', 1, 4, 3.88015),
	(9, 'tata', 1, 1, 1.14613),
	(10, 'laksana', 1, 1, 0.748188),
	(11, 'hak', 1, 3, 2.91011),
	(12, 'warga', 1, 1, 0.845098),
	(13, 'bina', 1, 1, 0.970037),
	(14, 'masyarakat', 1, 1, 0.544068),
	(15, 'tentu', 1, 1, 0.845098),
	(16, 'justice', 1, 1, 1.44716),
	(17, 'collabolator', 1, 1, 1.44716),
	(18, 'jc', 1, 1, 1.44716),
	(19, 'remisi', 1, 8, 9.16902),
	(20, 'pela', 1, 2, 1.94007),
	(21, 'tindak', 1, 2, 2.29226),
	(22, 'pidana', 1, 3, 3.43838),
	(23, 'korupsi', 1, 2, 1.94007),
	(24, 'terorisme', 1, 1, 1.14613),
	(25, 'narkotika', 1, 1, 1.44716),
	(26, 'hilang', 1, 2, 2.29226),
	(27, 'implikasi', 1, 1, 1.44716),
	(28, 'kasus', 1, 4, 4.58451),
	(29, 'pokok', 1, 1, 1.14613),
	(30, 'laku', 1, 5, 4.85018),
	(31, 'sepertiga', 1, 1, 1.44716),
	(32, 'wakil', 1, 2, 1.20412),
	(33, 'presiden', 1, 2, 1.94007),
	(34, 'wapres', 1, 2, 2.89432),
	(35, 'jusuf', 1, 1, 1.44716),
	(36, 'kalla', 1, 1, 1.44716),
	(37, 'jk', 1, 7, 10.1301),
	(38, 'tuju', 1, 1, 1.44716),
	(39, 'rencana', 1, 1, 0.845098),
	(40, 'godok', 1, 1, 1.44716),
	(41, 'menteri', 1, 1, 0.970037),
	(42, 'hukum', 1, 5, 4.85018),
	(43, 'asasi', 1, 1, 1.44716),
	(44, 'manusia', 1, 4, 4.58451),
	(45, 'alas', 1, 1, 0.669007),
	(46, 'faktor', 1, 1, 1.44716),
	(47, 'penjara', 1, 1, 1.44716),
	(48, 'sisi', 1, 5, 4.22549),
	(49, 'apa', 1, 1, 1.44716),
	(50, 'beda', 1, 1, 0.748188),
	(51, 'narapidana', 1, 3, 4.34147),
	(52, 'kantor', 1, 1, 0.970037),
	(53, 'medan', 1, 1, 1.44716),
	(54, 'merdeka', 1, 1, 1.14613),
	(55, 'jakarta', 1, 1, 0.333215),
	(56, 'pusat', 1, 1, 0.669007),
	(57, 'agustus', 1, 1, 0.669007),
	(58, 'aku', 1, 1, 1.14613),
	(59, 'sulit', 1, 1, 0.970037),
	(60, 'beri', 1, 4, 2.99275),
	(61, 'koruptor', 1, 5, 5.73064),
	(62, 'turut', 1, 1, 1.14613),
	(63, 'jahat', 1, 3, 3.43838),
	(64, 'tobat', 1, 3, 4.34147),
	(65, 'walaupun', 1, 2, 2.29226),
	(66, 'agak', 1, 1, 1.44716),
	(67, 'guna', 1, 1, 1.14613),
	(68, 'inti', 1, 1, 1.44716),
	(69, 'lihat', 1, 3, 1.6322),
	(70, 'disiplin', 1, 2, 1.94007),
	(71, 'kata', 1, 1, 1.14613),
	(72, 'moral', 1, 1, 1.44716),
	(73, 'itu', 1, 1, 1.14613),
	(74, 'banding', 1, 1, 0.970037),
	(75, 'bunuh', 1, 3, 4.34147),
	(76, 'nyawa', 1, 1, 1.44716),
	(77, 'lantas', 1, 1, 1.44716),
	(78, 'harus', 1, 1, 0.845098),
	(79, 'negara', 1, 2, 1.6902),
	(80, 'anggap', 1, 1, 1.14613),
	(81, 'diskriminatif', 1, 2, 2.89432),
	(82, 'reward', 1, 1, 1.44716),
	(83, 'baik', 1, 1, 0.544068),
	(84, 'jatuh', 1, 1, 1.44716),
	(85, 'kurung', 1, 1, 1.44716),
	(86, 'narkoba', 1, 1, 0.970037),
	(87, 'efek', 1, 1, 1.44716),
	(88, 'makin', 1, 1, 1.44716),
	(89, 'perilaku', 1, 2, 2.29226),
	(90, 'buat', 1, 1, 0.970037),
	(91, 'ringan', 1, 1, 1.14613),
	(92, 'rat', 1, 1, 1.44716),
	(93, 'kan', 1, 1, 0.748188),
	(94, 'uu', 1, 1, 1.44716),
	(95, 'a', 1, 1, 1.14613),
	(96, 'adil', 1, 1, 1.44716),
	(97, 'timbang', 1, 1, 0.845098),
	(98, 'partai', 2, 5, 3.74094),
	(99, 'demokrasi', 2, 1, 1.44716),
	(100, 'indonesia', 2, 1, 0.30103),
	(101, 'juang', 2, 2, 2.29226),
	(102, 'pdip', 2, 4, 4.58451),
	(103, 'kabar', 2, 1, 1.44716),
	(104, 'bakal', 2, 4, 3.88015),
	(105, 'bahas', 2, 2, 2.89432),
	(106, 'calon', 2, 3, 3.43838),
	(107, 'gubernur', 2, 2, 2.29226),
	(108, 'cagub', 2, 1, 1.44716),
	(109, 'dki', 2, 2, 1.94007),
	(110, 'jakarta', 2, 4, 1.33286),
	(111, 'moncong', 2, 1, 1.44716),
	(112, 'putih', 2, 1, 0.845098),
	(113, 'rapat', 2, 2, 2.89432),
	(114, 'internal', 2, 2, 2.89432),
	(115, 'kantor', 2, 1, 0.970037),
	(116, 'dewan', 2, 1, 1.14613),
	(117, 'pimpin', 2, 1, 1.44716),
	(118, 'pusat', 2, 2, 1.33801),
	(119, 'dpp', 2, 1, 1.14613),
	(120, 'pdi', 2, 1, 1.14613),
	(121, 'sekretaris', 2, 1, 1.44716),
	(122, 'jenderal', 2, 1, 0.970037),
	(123, 'hasto', 2, 6, 8.68295),
	(124, 'kristiyanto', 2, 1, 1.44716),
	(125, 'siang', 2, 1, 1.44716),
	(126, 'tinggal', 2, 1, 1.14613),
	(127, 'diam', 2, 1, 1.44716),
	(128, 'ketua', 2, 1, 0.669007),
	(129, 'megawati', 2, 1, 1.44716),
	(130, 'soekarnoputri', 2, 1, 1.44716),
	(131, 'teukur', 2, 1, 1.44716),
	(132, 'umar', 2, 1, 1.44716),
	(133, 'menteng', 2, 1, 1.44716),
	(134, 'bantah', 2, 3, 3.43838),
	(135, 'rutin', 2, 1, 1.44716),
	(136, 'soal', 2, 2, 1.94007),
	(137, 'pilkada', 2, 3, 3.43838),
	(138, 'kaderisasi', 2, 1, 1.44716),
	(139, 'tega', 2, 1, 1.44716),
	(140, 'disiplin', 2, 1, 0.970037),
	(141, 'eksternal', 2, 3, 4.34147),
	(142, 'agustus', 2, 1, 0.669007),
	(143, 'maksud', 2, 1, 1.44716),
	(144, 'strategis', 2, 2, 2.89432),
	(145, 'kelola', 2, 1, 1.44716),
	(146, 'perintah', 2, 1, 0.748188),
	(147, 'misal', 2, 1, 1.44716),
	(148, 'undang', 2, 3, 4.34147),
	(149, 'lemhannas', 2, 1, 1.44716),
	(150, 'lembaga', 2, 1, 1.14613),
	(151, 'tahan', 2, 1, 0.970037),
	(152, 'nasional', 2, 1, 0.669007),
	(153, 'sampai', 2, 1, 0.845098),
	(154, 'skenario', 2, 1, 1.44716),
	(155, 'informasi', 2, 1, 0.845098),
	(156, 'edar', 2, 1, 1.44716),
	(157, 'datang', 2, 1, 1.14613),
	(158, 'wali', 2, 1, 1.44716),
	(159, 'kota', 2, 2, 1.49638),
	(160, 'surabaya', 2, 1, 1.14613),
	(161, 'tri', 2, 1, 1.44716),
	(162, 'rismaharini', 2, 1, 1.44716),
	(163, 'risma', 2, 1, 1.44716),
	(164, 'ibu', 2, 1, 0.845098),
	(165, 'umum', 2, 2, 1.49638),
	(166, 'usung', 2, 1, 1.14613),
	(167, 'tidak', 2, 1, 0.845098),
	(168, 'momentum', 2, 1, 1.44716),
	(169, 'kepala', 2, 1, 0.845098),
	(170, 'daerah', 2, 1, 0.748188),
	(171, 'asp', 2, 1, 1.44716),
	(172, 'ketua', 3, 1, 0.669007),
	(173, 'dpd', 3, 2, 2.89432),
	(174, 'hanura', 3, 2, 2.89432),
	(175, 'dki', 3, 3, 2.91011),
	(176, 'jakarta', 3, 2, 0.666429),
	(177, 'muhammad', 3, 1, 1.14613),
	(178, 'ongen', 3, 4, 5.78863),
	(179, 'sangaji', 3, 1, 1.44716),
	(180, 'partai', 3, 7, 5.23732),
	(181, 'politik', 3, 2, 2.89432),
	(182, 'gabung', 3, 3, 3.43838),
	(183, 'koalisi', 3, 7, 10.1301),
	(184, 'dukung', 3, 4, 2.99275),
	(185, 'gubernur', 3, 1, 1.14613),
	(186, 'basuki', 3, 1, 1.44716),
	(187, 'tjahaja', 3, 1, 1.44716),
	(188, 'purnama', 3, 1, 1.44716),
	(189, 'ahok', 3, 4, 5.78863),
	(190, 'maju', 3, 1, 1.14613),
	(191, 'pilkada', 3, 1, 1.14613),
	(192, 'golkar', 3, 1, 1.14613),
	(193, 'nasdem', 3, 1, 1.44716),
	(194, 'sampai', 3, 1, 0.845098),
	(195, 'kemarin', 3, 1, 1.44716),
	(196, 'kan', 3, 1, 0.748188),
	(197, 'jelang', 3, 1, 1.44716),
	(198, 'dprd', 3, 1, 1.14613),
	(199, 'informan', 3, 1, 1.44716),
	(200, 'pantau', 3, 1, 1.44716),
	(201, 'gera', 3, 1, 1.44716),
	(202, 'keluarga', 3, 3, 2.24456),
	(203, 'pokok', 3, 1, 1.14613),
	(204, 'biar', 3, 2, 2.89432),
	(205, 'titip', 3, 1, 1.44716),
	(206, 'tujuh', 3, 2, 2.89432),
	(207, 'pdi', 3, 1, 1.14613),
	(208, 'p', 3, 1, 1.44716),
	(209, 'gerindra', 3, 1, 1.44716),
	(210, 'pks', 3, 1, 1.44716),
	(211, 'ppp', 3, 1, 1.44716),
	(212, 'demokrat', 3, 1, 1.44716),
	(213, 'pkb', 3, 1, 1.44716),
	(214, 'pan', 3, 1, 1.44716),
	(215, 'putus', 3, 1, 1.44716),
	(216, 'janji', 3, 1, 0.970037),
	(217, 'hitam', 3, 1, 0.970037),
	(218, 'putih', 3, 1, 0.845098),
	(219, 'ganda', 4, 2, 1.94007),
	(220, 'putra', 4, 2, 2.29226),
	(221, 'indonesia', 4, 1, 0.30103),
	(222, 'hendra', 4, 12, 17.3659),
	(223, 'setiawan', 4, 1, 1.14613),
	(224, 'mohammad', 4, 1, 1.44716),
	(225, 'ahsan', 4, 10, 14.4716),
	(226, 'buruk', 4, 1, 1.44716),
	(227, 'kalah', 4, 2, 2.29226),
	(228, 'endo', 4, 1, 1.44716),
	(229, 'hiroyuki', 4, 1, 1.44716),
	(230, 'kenichi', 4, 1, 1.44716),
	(231, 'hayakawa', 4, 1, 1.44716),
	(232, 'underperform', 4, 1, 1.44716),
	(233, 'kejut', 4, 1, 1.14613),
	(234, 'pasang', 4, 1, 0.970037),
	(235, 'jepang', 4, 1, 0.970037),
	(236, 'duel', 4, 1, 1.44716),
	(237, 'gim', 4, 1, 1.14613),
	(238, 'sembilan', 4, 2, 2.89432),
	(239, 'temu', 4, 1, 0.748188),
	(240, 'hasil', 4, 1, 1.14613),
	(241, 'petik', 4, 1, 1.44716),
	(242, 'menang', 4, 5, 4.85018),
	(243, 'sorot', 4, 1, 1.14613),
	(244, 'ring', 4, 1, 1.44716),
	(245, 'service', 4, 1, 1.14613),
	(246, 'foul', 4, 1, 1.44716),
	(247, 'catat', 4, 1, 1.14613),
	(248, 'langgar', 4, 1, 1.44716),
	(249, 'arti', 4, 1, 0.845098),
	(250, 'poin', 4, 1, 0.970037),
	(251, 'cuma', 4, 2, 2.89432),
	(252, 'lawan', 4, 3, 2.91011),
	(253, 'underperformed', 4, 1, 1.44716),
	(254, 'nervous', 4, 2, 2.89432),
	(255, 'walaupun', 4, 1, 1.14613),
	(256, 'main', 4, 2, 1.08814),
	(257, 'senior', 4, 1, 1.14613),
	(258, 'harus', 4, 1, 0.845098),
	(259, 'nggak', 4, 1, 1.44716),
	(260, 'boleh', 4, 1, 0.970037),
	(261, 'kan', 4, 2, 1.49638),
	(262, 'olimpiade', 4, 1, 0.970037),
	(263, 'juara', 4, 2, 2.29226),
	(264, 'lihat', 4, 1, 0.544068),
	(265, 'buru', 4, 2, 2.89432),
	(266, 'tenang', 4, 1, 1.44716),
	(267, 'lepas', 4, 1, 0.970037),
	(268, 'salah', 4, 3, 4.34147),
	(269, 'kepala', 4, 1, 0.845098),
	(270, 'latih', 4, 2, 1.6902),
	(271, 'pp', 4, 2, 1.94007),
	(272, 'pbsi', 4, 2, 2.89432),
	(273, 'herry', 4, 2, 2.89432),
	(274, 'iman', 4, 1, 1.44716),
	(275, 'pierngadi', 4, 1, 1.44716),
	(276, 'servis', 4, 2, 2.89432),
	(277, 'betul', 4, 2, 1.94007),
	(278, 'antisipasi', 4, 1, 1.44716),
	(279, 'karantina', 4, 1, 1.44716),
	(280, 'tanding', 4, 1, 0.970037),
	(281, 'asa', 4, 1, 1.44716),
	(282, 'pengaruh', 4, 1, 1.14613),
	(283, 'coba', 4, 1, 0.970037),
	(284, 'tutup', 4, 1, 0.748188),
	(285, 'pukul', 4, 1, 0.970037),
	(286, 'mudah', 4, 1, 0.544068),
	(287, 'tembus', 4, 1, 1.44716),
	(288, 'imbuh', 4, 1, 1.14613),
	(289, 'rilis', 4, 1, 1.14613),
	(290, 'terima', 4, 1, 0.845098),
	(291, 'situasi', 4, 1, 1.14613),
	(292, 'sulit', 4, 1, 0.970037),
	(293, 'hadap', 4, 1, 1.14613),
	(294, 'dua', 4, 1, 1.14613),
	(295, 'wajib', 4, 1, 1.14613),
	(296, 'wakil', 4, 1, 0.60206),
	(297, 'china', 4, 1, 1.44716),
	(298, 'chai', 4, 2, 2.89432),
	(299, 'biao', 4, 1, 1.44716),
	(300, 'hong', 4, 2, 2.29226),
	(301, 'we', 4, 1, 1.44716),
	(302, 'tempat', 4, 1, 0.748188),
	(303, 'runner', 4, 2, 2.89432),
	(304, 'grup', 4, 3, 2.91011),
	(305, 'd', 4, 1, 0.970037),
	(306, 'potensi', 4, 1, 0.970037),
	(307, 'lakon', 4, 1, 1.44716),
	(308, 'laga', 4, 1, 0.970037),
	(309, 'jumpa', 4, 1, 1.14613),
	(310, 'tentu', 4, 1, 0.845098),
	(311, 'besok', 4, 1, 1.44716),
	(312, 'maksimal', 4, 1, 1.14613),
	(313, 'gampang', 4, 1, 1.44716),
	(314, 'tekan', 4, 2, 2.89432),
	(315, 'siapa', 4, 1, 1.44716),
	(316, 'atas', 4, 1, 1.44716),
	(317, 'a', 4, 1, 1.14613),
	(318, 'evaluasi', 4, 1, 0.970037),
	(319, 'tampil', 4, 1, 0.845098),
	(320, 'fokus', 4, 1, 1.14613),
	(321, 'juang', 4, 1, 1.14613),
	(322, 'empat', 4, 1, 1.44716),
	(323, 'final', 4, 1, 1.44716),
	(324, 'ganda', 5, 1, 0.970037),
	(325, 'campur', 5, 1, 1.44716),
	(326, 'tontowi', 5, 10, 14.4716),
	(327, 'ahmad', 5, 1, 1.44716),
	(328, 'liliyana', 5, 10, 14.4716),
	(329, 'natsir', 5, 1, 1.44716),
	(330, 'sulit', 5, 1, 0.970037),
	(331, 'raup', 5, 2, 2.89432),
	(332, 'menang', 5, 4, 3.88015),
	(333, 'lolos', 5, 1, 1.44716),
	(334, 'perempatfinal', 5, 1, 1.44716),
	(335, 'main', 5, 1, 0.544068),
	(336, 'lapang', 5, 1, 1.44716),
	(337, 'riocentro', 5, 1, 1.44716),
	(338, 'pasang', 5, 4, 3.88015),
	(339, 'thailand', 5, 2, 2.89432),
	(340, 'bodin', 5, 1, 1.44716),
	(341, 'isara', 5, 1, 1.44716),
	(342, 'savitree', 5, 1, 1.44716),
	(343, 'samitrapai', 5, 2, 2.89432),
	(344, 'grup', 5, 2, 1.94007),
	(345, 'c', 5, 2, 2.89432),
	(346, 'menit', 5, 1, 1.14613),
	(347, 'gim', 5, 3, 3.43838),
	(348, 'dominan', 5, 1, 1.44716),
	(349, 'dua', 5, 1, 1.14613),
	(350, 'melesat', 5, 2, 2.89432),
	(351, 'unggul', 5, 3, 3.43838),
	(352, 'laga', 5, 1, 0.970037),
	(353, 'mudah', 5, 1, 0.544068),
	(354, 'tinggal', 5, 1, 1.14613),
	(355, 'poin', 5, 1, 0.970037),
	(356, 'untun', 5, 1, 1.44716),
	(357, 'balik', 5, 2, 2.89432),
	(358, 'susul', 5, 1, 1.44716),
	(359, 'kembali', 5, 2, 2.29226),
	(360, 'lawan', 5, 1, 0.970037),
	(361, 'sangkut', 5, 1, 1.14613),
	(362, 'net', 5, 1, 1.44716),
	(363, 'sergap', 5, 1, 1.44716),
	(364, 'mastik', 5, 1, 1.14613),
	(365, 'match', 5, 1, 1.44716),
	(366, 'point', 5, 1, 1.44716),
	(367, 'indonesia', 5, 1, 0.30103),
	(368, 'tanding', 5, 2, 1.94007),
	(369, 'smash', 5, 1, 1.44716),
	(370, 'keras', 5, 1, 0.970037),
	(371, 'malaysia', 5, 1, 1.14613),
	(372, 'chan', 5, 1, 1.44716),
	(373, 'peng', 5, 1, 1.44716),
	(374, 'soon', 5, 1, 1.14613),
	(375, 'goh', 5, 1, 1.44716),
	(376, 'liu', 5, 1, 1.44716),
	(377, 'ying', 5, 1, 1.44716),
	(378, 'rebut', 5, 1, 1.44716),
	(379, 'gelar', 5, 1, 0.970037),
	(380, 'juara', 5, 1, 1.14613),
	(381, 'rencana', 6, 3, 2.53529),
	(382, 'perintah', 6, 5, 3.74094),
	(383, 'revisi', 6, 3, 2.91011),
	(384, 'atur', 6, 3, 2.53529),
	(385, 'pp', 6, 2, 1.94007),
	(386, 'nomor', 6, 2, 1.6902),
	(387, 'ubah', 6, 1, 0.669007),
	(388, 'kontroversi', 6, 1, 1.44716),
	(389, 'syarat', 6, 2, 1.94007),
	(390, 'tata', 6, 1, 1.14613),
	(391, 'laksana', 6, 1, 0.748188),
	(392, 'hak', 6, 1, 0.970037),
	(393, 'warga', 6, 1, 0.845098),
	(394, 'bina', 6, 1, 0.970037),
	(395, 'masyarakat', 6, 2, 1.08814),
	(396, 'bakal', 6, 2, 1.94007),
	(397, 'muat', 6, 1, 1.44716),
	(398, 'potong', 6, 1, 1.44716),
	(399, 'hukum', 6, 3, 2.91011),
	(400, 'koruptor', 6, 1, 1.14613),
	(401, 'pidana', 6, 2, 2.29226),
	(402, 'narkoba', 6, 6, 5.82022),
	(403, 'teroris', 6, 1, 1.44716),
	(404, 'remisi', 6, 2, 2.29226),
	(405, 'nilai', 6, 2, 1.94007),
	(406, 'bijaksana', 6, 3, 4.34147),
	(407, 'harap', 6, 1, 0.845098),
	(408, 'kompromi', 6, 1, 1.44716),
	(409, 'jahat', 6, 5, 5.73064),
	(410, 'korupsi', 6, 2, 1.94007),
	(411, 'terorisme', 6, 1, 1.14613),
	(412, 'sih', 6, 1, 1.44716),
	(413, 'boleh', 6, 2, 1.94007),
	(414, 'kooperatif', 6, 1, 1.44716),
	(415, 'kait', 6, 1, 0.748188),
	(416, 'terorism', 6, 1, 1.44716),
	(417, 'ketua', 6, 1, 0.669007),
	(418, 'dewan', 6, 1, 1.14613),
	(419, 'wakil', 6, 1, 0.60206),
	(420, 'rakyat', 6, 1, 1.44716),
	(421, 'dpr', 6, 1, 1.14613),
	(422, 'ade', 6, 4, 5.78863),
	(423, 'komarudin', 6, 1, 1.44716),
	(424, 'kompleks', 6, 1, 1.44716),
	(425, 'parlemen', 6, 1, 1.44716),
	(426, 'senayan', 6, 1, 1.14613),
	(427, 'agustus', 6, 1, 0.669007),
	(428, 'pela', 6, 1, 0.970037),
	(429, 'takut', 6, 1, 1.44716),
	(430, 'ringan', 6, 1, 1.14613),
	(431, 'curi', 6, 2, 2.89432),
	(432, 'hp', 6, 1, 1.44716),
	(433, 'ayam', 6, 1, 1.44716),
	(434, 'klepto', 6, 1, 1.44716),
	(435, 'swalayan', 6, 1, 1.44716),
	(436, 'ngobral', 6, 1, 1.44716),
	(437, 'politikus', 6, 1, 1.44716),
	(438, 'partai', 6, 1, 0.748188),
	(439, 'golkar', 6, 1, 1.14613),
	(440, 'aku', 6, 1, 1.14613),
	(441, 'latar', 6, 1, 1.14613),
	(442, 'lebih', 6, 1, 0.845098),
	(443, 'kapasitas', 6, 1, 1.14613),
	(444, 'lembaga', 6, 1, 1.14613),
	(445, 'lapas', 6, 1, 1.44716),
	(446, 'rentan', 6, 1, 0.970037),
	(447, 'gesek', 6, 1, 1.44716),
	(448, 'potensi', 6, 1, 0.970037),
	(449, 'rusuh', 6, 1, 1.44716),
	(450, 'khusus', 6, 1, 0.970037),
	(451, 'gencar', 6, 1, 1.44716),
	(452, 'langkah', 6, 2, 2.89432),
	(453, 'cegah', 6, 1, 1.44716),
	(454, 'nah', 6, 1, 0.845098),
	(455, 'makanya', 6, 1, 1.44716),
	(456, 'berantas', 6, 1, 1.44716),
	(457, 'kejar', 6, 1, 1.44716),
	(458, 'ngejar', 6, 1, 1.44716),
	(459, 'pakai', 6, 1, 0.845098),
	(460, 'preventif', 6, 1, 1.44716),
	(461, 'laksana', 7, 1, 0.748188),
	(462, 'tugas', 7, 1, 0.669007),
	(463, 'plt', 7, 1, 1.44716),
	(464, 'ketua', 7, 1, 0.669007),
	(465, 'pssi', 7, 2, 2.89432),
	(466, 'hinca', 7, 5, 7.23579),
	(467, 'panjaitan', 7, 1, 1.44716),
	(468, 'beber', 7, 1, 1.44716),
	(469, 'agenda', 7, 1, 1.44716),
	(470, 'tim', 7, 2, 1.6902),
	(471, 'nasional', 7, 2, 1.33801),
	(472, 'indonesia', 7, 3, 0.90309),
	(473, 'u', 7, 5, 5.73064),
	(474, 'senior', 7, 4, 4.58451),
	(475, 'sampai', 7, 1, 0.845098),
	(476, 'kantor', 7, 1, 0.970037),
	(477, 'kawasan', 7, 1, 1.44716),
	(478, 'kuning', 7, 1, 1.44716),
	(479, 'jakarta', 7, 1, 0.333215),
	(480, 'timnas', 7, 6, 8.68295),
	(481, 'ikut', 7, 2, 1.08814),
	(482, 'turnamen', 7, 1, 1.44716),
	(483, 'internasional', 7, 1, 0.970037),
	(484, 'piala', 7, 4, 5.78863),
	(485, 'aff', 7, 4, 5.78863),
	(486, 'langsung', 7, 1, 1.44716),
	(487, 'vietnam', 7, 1, 1.14613),
	(488, 'september', 7, 2, 2.29226),
	(489, 'adapun', 7, 1, 0.970037),
	(490, 'fase', 7, 1, 1.44716),
	(491, 'sisih', 7, 1, 1.44716),
	(492, 'grup', 7, 1, 0.970037),
	(493, 'selenggara', 7, 1, 0.970037),
	(494, 'myanmar', 7, 1, 1.44716),
	(495, 'filipina', 7, 2, 2.89432),
	(496, 'november', 7, 1, 0.970037),
	(497, 'desember', 7, 1, 1.44716),
	(498, 'ajang', 7, 1, 0.970037),
	(499, 'jadwal', 7, 1, 1.44716),
	(500, 'partai', 7, 1, 0.748188),
	(501, 'sahabat', 7, 1, 1.14613),
	(502, 'mua', 7, 1, 0.845098),
	(503, 'gelar', 7, 1, 0.970037),
	(504, 'stadion', 7, 3, 3.43838),
	(505, 'manah', 7, 2, 2.29226),
	(506, 'solo', 7, 2, 2.89432),
	(507, 'laga', 7, 1, 0.970037),
	(508, 'uji', 7, 1, 1.14613),
	(509, 'coba', 7, 1, 0.970037),
	(510, 'lawan', 7, 2, 1.94007),
	(511, 'agustus', 7, 3, 2.00702),
	(512, 'bakal', 7, 1, 0.970037),
	(513, 'malaysia', 7, 3, 3.43838),
	(514, 'musuh', 7, 1, 1.44716),
	(515, 'buyut', 7, 1, 1.44716),
	(516, 'ramai', 7, 1, 1.14613),
	(517, 'rasa', 7, 1, 1.44716),
	(518, 'asia', 7, 1, 1.44716),
	(519, 'mudah', 7, 2, 1.08814),
	(520, 'ubah', 7, 1, 0.669007),
	(521, 'tempat', 7, 1, 0.748188),
	(522, 'main', 7, 2, 1.08814),
	(523, 'seleksi', 7, 2, 1.94007),
	(524, 'pakansari', 7, 1, 1.44716),
	(525, 'cibinong', 7, 1, 1.44716),
	(526, 'kabupaten', 7, 1, 1.44716),
	(527, 'bogor', 7, 1, 1.14613),
	(528, 'sisa', 7, 1, 0.970037),
	(529, 'tahap', 7, 1, 0.845098),
	(530, 'main', 8, 4, 2.17627),
	(531, 'stadion', 8, 1, 1.14613),
	(532, 'petrokimia', 8, 1, 1.44716),
	(533, 'kandang', 8, 1, 1.44716),
	(534, 'persegres', 8, 3, 4.34147),
	(535, 'gresik', 8, 1, 1.14613),
	(536, 'united', 8, 1, 1.44716),
	(537, 'persija', 8, 6, 8.68295),
	(538, 'jakarta', 8, 1, 0.333215),
	(539, 'sukses', 8, 1, 0.970037),
	(540, 'akhir', 8, 1, 1.44716),
	(541, 'tanding', 8, 10, 9.70037),
	(542, 'skor', 8, 4, 4.58451),
	(543, 'imbang', 8, 2, 1.49638),
	(544, 'malam', 8, 2, 2.29226),
	(545, 'rangkai', 8, 1, 1.44716),
	(546, 'tsc', 8, 1, 1.44716),
	(547, 'latih', 8, 2, 1.6902),
	(548, 'caretaker', 8, 1, 1.44716),
	(549, 'j', 8, 6, 8.68295),
	(550, 'saragih', 8, 1, 1.44716),
	(551, 'puas', 8, 4, 4.58451),
	(552, 'colong', 8, 1, 1.44716),
	(553, 'gol', 8, 7, 10.1301),
	(554, 'muhammad', 8, 1, 1.14613),
	(555, 'rifqi', 8, 3, 4.34147),
	(556, 'tuan', 8, 1, 1.44716),
	(557, 'rumah', 8, 2, 0.985831),
	(558, 'unggul', 8, 1, 1.14613),
	(559, 'menit', 8, 3, 3.43838),
	(560, 'kerja', 8, 1, 0.970037),
	(561, 'baik', 8, 5, 2.72034),
	(562, 'sesi', 8, 1, 1.14613),
	(563, 'konferensi', 8, 1, 1.44716),
	(564, 'pers', 8, 1, 1.14613),
	(565, 'lepas', 8, 1, 0.970037),
	(566, 'sengat', 8, 1, 1.14613),
	(567, 'cipta', 8, 2, 2.29226),
	(568, 'nah', 8, 1, 0.845098),
	(569, 'sembah', 8, 1, 1.14613),
	(570, 'gunawan', 8, 2, 2.29226),
	(571, 'dwi', 8, 1, 1.44716),
	(572, 'cahyo', 8, 1, 1.44716),
	(573, 'luang', 8, 1, 1.44716),
	(574, 'skema', 8, 1, 1.44716),
	(575, 'laku', 8, 1, 0.970037),
	(576, 'cetak', 8, 2, 2.89432),
	(577, 'tutur', 8, 1, 0.748188),
	(578, 'tutup', 8, 1, 0.748188),
	(579, 'kejut', 8, 1, 1.14613),
	(580, 'sambut', 8, 1, 1.14613),
	(581, 'tendang', 8, 1, 1.44716),
	(582, 'bebas', 8, 1, 1.44716),
	(583, 'agus', 8, 1, 1.14613),
	(584, 'indra', 8, 1, 1.44716),
	(585, 'kurniawan', 8, 1, 1.44716),
	(586, 'skuad', 8, 1, 1.44716),
	(587, 'asuh', 8, 1, 1.44716),
	(588, 'kala', 8, 1, 1.44716),
	(589, 'anggap', 8, 1, 1.14613),
	(590, 'tahap', 8, 1, 0.845098),
	(591, 'adaptasi', 8, 1, 1.44716),
	(592, 'atmosfer', 8, 1, 1.44716),
	(593, 'syok', 8, 1, 1.44716),
	(594, 'lihat', 8, 1, 0.544068),
	(595, 'siap', 8, 2, 2.29226),
	(596, 'evaluasi', 8, 1, 0.970037),
	(597, 'tetap', 8, 2, 1.6902),
	(598, 'coba', 8, 2, 1.94007),
	(599, 'lanjut', 8, 2, 1.20412),
	(600, 'fokus', 8, 1, 1.14613),
	(601, 'kinerja', 8, 2, 2.89432),
	(602, 'lini', 8, 3, 4.34147),
	(603, 'tahan', 8, 2, 1.94007),
	(604, 'tim', 8, 2, 1.6902),
	(605, 'seluruh', 8, 2, 2.89432),
	(606, 'sepak', 8, 1, 1.44716),
	(607, 'bola', 8, 1, 1.14613),
	(608, 'satu', 8, 1, 0.748188),
	(609, 'pisah', 8, 1, 1.44716),
	(610, 'ucap', 8, 1, 0.970037),
	(611, 'tambah', 8, 1, 0.60206),
	(612, 'poin', 8, 2, 1.94007),
	(613, 'tempat', 8, 1, 0.748188),
	(614, 'peringkat', 8, 1, 1.44716),
	(615, 'toreh', 8, 1, 1.44716),
	(616, 'maksimal', 8, 1, 1.14613),
	(617, 'ingat', 8, 1, 0.970037),
	(618, 'macan', 8, 1, 1.44716),
	(619, 'mayor', 8, 1, 1.44716),
	(620, 'kuat', 8, 1, 1.14613),
	(621, 'hong', 8, 1, 1.14613),
	(622, 'soon', 8, 1, 1.14613),
	(623, 'hak', 8, 1, 0.970037),
	(624, 'ismed', 8, 1, 1.44716),
	(625, 'sofyan', 8, 1, 1.44716),
	(626, 'vava', 8, 1, 1.44716),
	(627, 'mario', 8, 1, 1.44716),
	(628, 'yagalo', 8, 1, 1.44716),
	(629, 'novri', 8, 1, 1.44716),
	(630, 'setiawan', 8, 1, 1.14613),
	(631, 'rekan', 8, 2, 2.29226),
	(632, 'bagus', 8, 1, 1.44716),
	(633, 'keluar', 8, 1, 0.845098),
	(634, 'segenap', 8, 1, 1.44716),
	(635, 'mampu', 8, 1, 1.44716),
	(636, 'ubah', 8, 1, 0.669007),
	(637, 'usaha', 8, 1, 1.14613),
	(638, 'keras', 8, 1, 0.970037),
	(639, 'amarzukih', 8, 1, 1.44716),
	(640, 'riau', 9, 1, 1.44716),
	(641, 'ega', 9, 8, 11.5773),
	(642, 'agatha', 9, 1, 1.44716),
	(643, 'gagal', 9, 1, 1.44716),
	(644, 'tambah', 9, 1, 0.60206),
	(645, 'medali', 9, 4, 4.58451),
	(646, 'kontingen', 9, 1, 1.44716),
	(647, 'indonesia', 9, 4, 1.20412),
	(648, 'olimpiade', 9, 2, 1.94007),
	(649, 'rio', 9, 1, 1.44716),
	(650, 'manah', 9, 4, 4.58451),
	(651, 'usia', 9, 1, 1.44716),
	(652, 'tekad', 9, 1, 1.44716),
	(653, 'prestasi', 9, 1, 1.44716),
	(654, 'ajang', 9, 1, 0.970037),
	(655, 'lanjut', 9, 2, 1.20412),
	(656, 'kandas', 9, 1, 1.44716),
	(657, 'babak', 9, 4, 5.78863),
	(658, 'kalah', 9, 1, 1.14613),
	(659, 'italia', 9, 1, 1.44716),
	(660, 'mauro', 9, 1, 1.44716),
	(661, 'nespoli', 9, 1, 1.44716),
	(662, 'set', 9, 6, 8.68295),
	(663, 'main', 9, 4, 2.17627),
	(664, 'serah', 9, 1, 1.44716),
	(665, 'cemerlang', 9, 1, 1.44716),
	(666, 'alah', 9, 1, 1.44716),
	(667, 'tiongkok', 9, 1, 1.44716),
	(668, 'xing', 9, 1, 1.44716),
	(669, 'yu', 9, 1, 1.44716),
	(670, 'skor', 9, 3, 3.43838),
	(671, 'telak', 9, 1, 1.44716),
	(672, 'menang', 9, 3, 2.91011),
	(673, 'imbang', 9, 1, 0.748188),
	(674, 'tantang', 9, 1, 1.44716),
	(675, 'nomor', 9, 1, 0.845098),
	(676, 'dunia', 9, 1, 0.845098),
	(677, 'korea', 9, 1, 1.44716),
	(678, 'kim', 9, 1, 1.44716),
	(679, 'woojin', 9, 1, 1.44716),
	(680, 'lepas', 9, 1, 0.970037),
	(681, 'sukses', 9, 1, 0.970037),
	(682, 'antara', 9, 1, 1.44716),
	(683, 'takluk', 9, 1, 1.44716),
	(684, 'maaf', 9, 2, 2.89432),
	(685, 'kecewa', 9, 1, 1.44716),
	(686, 'janji', 9, 1, 0.970037),
	(687, 'sembah', 9, 1, 1.14613),
	(688, 'datang', 9, 1, 1.14613),
	(689, 'akun', 9, 1, 1.44716),
	(690, 'twitter', 9, 1, 1.14613),
	(691, 'pribadi', 9, 1, 1.14613),
	(692, 'target', 9, 1, 1.44716),
	(693, 'dekat', 9, 1, 0.970037),
	(694, 'a', 9, 1, 1.14613),
	(695, 'games', 9, 2, 2.89432),
	(696, 'asi', 9, 1, 1.44716),
	(697, 'moga', 9, 1, 1.14613),
	(698, 'terima', 9, 1, 0.845098),
	(699, 'kasih', 9, 1, 1.14613),
	(700, 'masyarakat', 9, 1, 0.544068),
	(701, 'dukung', 9, 1, 0.748188),
	(702, 'doa', 9, 1, 1.44716),
	(703, 'baik', 9, 1, 0.544068),
	(704, 'ujar', 9, 1, 0.845098),
	(705, 'pdip', 10, 4, 4.58451),
	(706, 'tegas', 10, 3, 4.34147),
	(707, 'sanksi', 10, 2, 2.89432),
	(708, 'kader', 10, 2, 2.29226),
	(709, 'sangkut', 10, 1, 1.14613),
	(710, 'narkoba', 10, 4, 3.88015),
	(711, 'tangkap', 10, 3, 4.34147),
	(712, 'ketua', 10, 5, 3.34503),
	(713, 'dprd', 10, 3, 3.43838),
	(714, 'sarolangun', 10, 3, 4.34147),
	(715, 'dpc', 10, 1, 1.44716),
	(716, 'm', 10, 3, 2.91011),
	(717, 'syaihu', 10, 3, 4.34147),
	(718, 'kait', 10, 1, 0.748188),
	(719, 'korupsi', 10, 1, 0.970037),
	(720, 'ott', 10, 1, 1.44716),
	(721, 'operasi', 10, 1, 1.44716),
	(722, 'tang', 10, 1, 1.44716),
	(723, 'ampun', 10, 1, 1.44716),
	(724, 'dpp', 10, 1, 1.14613),
	(725, 'andreas', 10, 3, 4.34147),
	(726, 'hugo', 10, 1, 1.44716),
	(727, 'pareira', 10, 1, 1.44716),
	(728, 'dpr', 10, 1, 1.14613),
	(729, 'jakarta', 10, 1, 0.333215),
	(730, 'tegak', 10, 1, 1.44716),
	(731, 'disiplin', 10, 1, 0.970037),
	(732, 'partai', 10, 1, 0.748188),
	(733, 'beri', 10, 1, 0.748188),
	(734, 'pecat', 10, 1, 1.44716),
	(735, 'atur', 10, 1, 0.845098),
	(736, 'main', 10, 1, 0.544068),
	(737, 'berita', 10, 1, 1.44716),
	(738, 'satu', 10, 1, 0.748188),
	(739, 'reserse', 10, 1, 1.44716),
	(740, 'polda', 10, 1, 1.44716),
	(741, 'jambi', 10, 2, 2.89432),
	(742, 'menggerebekan', 10, 1, 1.44716),
	(743, 'rumah', 10, 3, 1.47875),
	(744, 'malam', 10, 1, 1.14613),
	(745, 'penggerebekan', 10, 1, 1.44716),
	(746, 'polisi', 10, 1, 1.44716),
	(747, 'aman', 10, 2, 1.94007),
	(748, 'enam', 10, 1, 1.14613),
	(749, 'tugas', 10, 1, 0.669007),
	(750, 'mobil', 10, 1, 0.970037),
	(751, 'mewah', 10, 1, 1.44716),
	(752, 'syahiu', 10, 1, 1.44716),
	(753, 'bukti', 10, 1, 1.14613),
	(754, 'kapolresta', 10, 1, 1.44716),
	(755, 'diikonfirmasi', 10, 1, 1.44716),
	(756, 'kasatres', 10, 1, 1.44716),
	(757, 'benar', 10, 1, 1.44716),
	(758, 'pria', 10, 1, 0.970037),
	(759, 'inisial', 10, 1, 1.44716),
	(760, 'ms', 10, 1, 1.44716),
	(761, 'lokasi', 10, 1, 0.845098),
	(762, 'nama', 10, 1, 1.44716),
	(763, 'entah', 10, 1, 1.44716),
	(764, 'komen', 10, 1, 1.44716),
	(765, 'soal', 10, 1, 0.970037),
	(766, 'kompol', 10, 1, 1.44716),
	(767, 'hernianto', 10, 1, 1.44716),
	(768, 'eko', 10, 1, 1.44716),
	(769, 'saputra', 10, 1, 1.44716),
	(770, 'dalam', 10, 1, 1.14613),
	(771, 'kasus', 10, 1, 1.14613),
	(772, 'kembang', 10, 1, 0.748188),
	(773, 'seleksi', 11, 3, 2.91011),
	(774, 'sbmptn', 11, 3, 4.34147),
	(775, 'umum', 11, 1, 0.748188),
	(776, 'rentak', 11, 1, 1.44716),
	(777, 'kampus', 11, 2, 2.29226),
	(778, 'raja', 11, 1, 1.44716),
	(779, 'nilai', 11, 22, 21.3408),
	(780, 'rata', 11, 44, 50.4296),
	(781, 'tinggi', 11, 2, 2.29226),
	(782, 'serta', 11, 3, 2.53529),
	(783, 'bagi', 11, 1, 1.14613),
	(784, 'kelompok', 11, 3, 2.91011),
	(785, 'uji', 11, 1, 1.14613),
	(786, 'sainstek', 11, 2, 2.89432),
	(787, 'soshum', 11, 2, 2.89432),
	(788, 'ikut', 11, 1, 0.544068),
	(789, 'terima', 11, 1, 0.845098),
	(790, 'institut', 11, 4, 5.78863),
	(791, 'teknologi', 11, 3, 4.34147),
	(792, 'bandung', 11, 2, 2.89432),
	(793, 'itb', 11, 2, 2.89432),
	(794, 'universitas', 11, 13, 9.72644),
	(795, 'indonesia', 11, 2, 0.60206),
	(796, 'u', 11, 2, 2.29226),
	(797, 'gadjah', 11, 2, 2.89432),
	(798, 'mada', 11, 2, 2.89432),
	(799, 'puluh', 11, 1, 1.44716),
	(800, 'november', 11, 1, 0.970037),
	(801, 'diponegoro', 11, 2, 2.29226),
	(802, 'undip', 11, 2, 2.89432),
	(803, 'padjadjaran', 11, 2, 2.89432),
	(804, 'airlangga', 11, 2, 2.29226),
	(805, 'unair', 11, 2, 2.89432),
	(806, 'tani', 11, 1, 1.44716),
	(807, 'bogor', 11, 1, 1.14613),
	(808, 'ipb', 11, 1, 1.44716),
	(809, 'neger', 11, 2, 1.94007),
	(810, 'belas', 11, 1, 1.14613),
	(811, 'maret', 11, 1, 1.14613),
	(812, 'uns', 11, 1, 1.44716),
	(813, 'upn', 11, 3, 4.34147),
	(814, 'yogyakarta', 11, 2, 2.29226),
	(815, 'adapun', 11, 1, 0.970037),
	(816, 'besar', 11, 1, 1.44716),
	(817, 'brawijaya', 11, 1, 1.44716),
	(818, 'jakarta', 11, 2, 0.666429),
	(819, 'lihat', 11, 1, 0.544068),
	(820, 'situs', 11, 1, 1.44716),
	(821, 'resmi', 11, 1, 0.748188),
	(822, 'panitia', 11, 1, 1.14613),
	(823, 'pukul', 11, 1, 0.970037),
	(824, 'akses', 11, 1, 1.44716),
	(825, 'informasi', 11, 1, 0.845098),
	(826, 'kompas', 11, 2, 2.89432),
	(827, 'com', 11, 2, 1.94007),
	(828, 'alamat', 11, 1, 1.44716),
	(829, 'http', 11, 1, 1.44716),
	(830, 'lipsus', 11, 1, 1.44716),
	(831, 'proyek', 12, 1, 1.44716),
	(832, 'bangun', 12, 1, 0.748188),
	(833, 'infrastruktur', 12, 1, 1.44716),
	(834, 'galak', 12, 1, 1.44716),
	(835, 'perintah', 12, 3, 2.24456),
	(836, 'iring', 12, 1, 1.44716),
	(837, 'sedia', 12, 1, 0.970037),
	(838, 'sarjana', 12, 4, 5.78863),
	(839, 'teknik', 12, 4, 5.78863),
	(840, 'profesi', 12, 12, 17.3659),
	(841, 'insinyur', 12, 12, 17.3659),
	(842, 'kota', 12, 1, 0.748188),
	(843, 'semarang', 12, 1, 1.44716),
	(844, 'jawa', 12, 1, 1.14613),
	(845, 'universitas', 12, 4, 2.99275),
	(846, 'katolik', 12, 1, 1.44716),
	(847, 'soegijapranata', 12, 1, 1.44716),
	(848, 'buka', 12, 2, 1.94007),
	(849, 'studi', 12, 3, 2.53529),
	(850, 'untuk', 12, 1, 1.44716),
	(851, 'lulus', 12, 2, 2.29226),
	(852, 'mandataris', 12, 1, 1.44716),
	(853, 'menteri', 12, 1, 0.970037),
	(854, 'riset', 12, 1, 1.44716),
	(855, 'didik', 12, 7, 4.68305),
	(856, 'indonesia', 12, 2, 0.60206),
	(857, 'ahli', 12, 2, 2.29226),
	(858, 'sertifikat', 12, 4, 5.78863),
	(859, 'bidang', 12, 2, 1.6902),
	(860, 'ajar', 12, 1, 0.669007),
	(861, 'nanti', 12, 1, 1.14613),
	(862, 'gelar', 12, 1, 0.970037),
	(863, 'prefesi', 12, 1, 1.44716),
	(864, 'paket', 12, 1, 1.44716),
	(865, 'selesai', 12, 1, 1.14613),
	(866, 'syarat', 12, 1, 0.970037),
	(867, 'global', 12, 1, 1.44716),
	(868, 'butuh', 12, 1, 0.970037),
	(869, 'wakil', 12, 1, 0.60206),
	(870, 'rektor', 12, 3, 3.43838),
	(871, 'unika', 12, 3, 4.34147),
	(872, 'augustina', 12, 1, 1.44716),
	(873, 'sulastri', 12, 2, 2.89432),
	(874, 'usai', 12, 1, 1.14613),
	(875, 'resmi', 12, 2, 1.49638),
	(876, 'luncur', 12, 1, 0.669007),
	(877, 'budi', 12, 2, 2.89432),
	(878, 'widianarko', 12, 1, 1.44716),
	(879, 'kuliah', 12, 2, 2.89432),
	(880, 'kampus', 12, 3, 3.43838),
	(881, 'mulai', 12, 1, 1.44716),
	(882, 'september', 12, 1, 1.14613),
	(883, 'jateng', 12, 1, 1.44716),
	(884, 'tugas', 12, 2, 1.33801),
	(885, 'rupa', 12, 1, 1.44716),
	(886, 'diponegoro', 12, 1, 1.14613),
	(887, 'belas', 12, 1, 1.14613),
	(888, 'maret', 12, 1, 1.14613),
	(889, 'muhammadiah', 12, 1, 1.44716),
	(890, 'sarajana', 12, 1, 1.44716),
	(891, 'teknis', 12, 1, 1.44716),
	(892, 'calon', 12, 3, 3.43838),
	(893, 'gembleng', 12, 1, 1.44716),
	(894, 'materi', 12, 1, 1.44716),
	(895, 'guru', 12, 5, 4.85018),
	(896, 'perlu', 12, 1, 1.44716),
	(897, 'prasyarat', 12, 1, 1.44716),
	(898, 'ikut', 12, 2, 1.08814),
	(899, 'sertifikasi', 12, 4, 4.58451),
	(900, 'keluar', 12, 1, 0.845098),
	(901, 'satu', 12, 1, 0.748188),
	(902, 'pi', 12, 2, 2.89432),
	(903, 'hendak', 12, 1, 1.44716),
	(904, 'harus', 12, 1, 0.845098),
	(905, 'lebih', 12, 1, 0.845098),
	(906, 'tambah', 12, 1, 0.60206),
	(907, 'prodi', 12, 2, 2.89432),
	(908, 'selenggara', 12, 1, 0.970037),
	(909, 'siap', 12, 1, 1.14613),
	(910, 'tenaga', 12, 1, 0.669007),
	(911, 'profesional', 12, 1, 1.44716),
	(912, 'pasar', 12, 1, 1.14613),
	(913, 'nasional', 12, 1, 0.669007),
	(914, 'ase', 12, 1, 1.44716),
	(915, 'mudah', 12, 1, 0.544068),
	(916, 'bekal', 12, 2, 2.29226),
	(917, 'ujar', 12, 1, 0.845098),
	(918, 'mahasiswa', 12, 1, 1.14613),
	(919, 'minimal', 12, 1, 1.14613),
	(920, 'kerja', 12, 1, 0.970037),
	(921, 'fresh', 12, 1, 1.44716),
	(922, 'graduate', 12, 1, 1.44716),
	(923, 'widinarko', 12, 1, 1.44716),
	(924, 'mandat', 12, 1, 1.44716),
	(925, 'institusi', 12, 1, 1.44716),
	(926, 'tidak', 12, 1, 0.845098),
	(927, 'neger', 12, 1, 0.970037),
	(928, 'swasta', 12, 1, 1.14613),
	(929, 'kompetensi', 12, 1, 1.44716),
	(930, 'menteri', 13, 2, 1.94007),
	(931, 'didik', 13, 12, 8.02808),
	(932, 'budaya', 13, 1, 1.44716),
	(933, 'muhadjir', 13, 3, 4.34147),
	(934, 'effendy', 13, 1, 1.44716),
	(935, 'gagas', 13, 1, 1.44716),
	(936, 'sistem', 13, 2, 1.94007),
	(937, 'day', 13, 3, 4.34147),
	(938, 'school', 13, 3, 4.34147),
	(939, 'dasar', 13, 3, 4.34147),
	(940, 'sd', 13, 2, 2.89432),
	(941, 'smp', 13, 2, 2.29226),
	(942, 'neger', 13, 1, 0.970037),
	(943, 'swasta', 13, 1, 1.14613),
	(944, 'alas', 13, 1, 0.669007),
	(945, 'anak', 13, 7, 5.91569),
	(946, 'orangtua', 13, 5, 5.73064),
	(947, 'kerja', 13, 3, 2.91011),
	(948, 'perlahan', 13, 1, 1.44716),
	(949, 'bangun', 13, 1, 0.748188),
	(950, 'karakter', 13, 2, 2.89432),
	(951, 'liar', 13, 1, 1.44716),
	(952, 'sekolah', 13, 6, 6.87677),
	(953, 'pulang', 13, 2, 1.94007),
	(954, 'mendikbud', 13, 3, 4.34147),
	(955, 'universitas', 13, 1, 0.748188),
	(956, 'muhammadiyah', 13, 2, 2.89432),
	(957, 'malang', 13, 2, 2.89432),
	(958, 'umm', 13, 2, 2.89432),
	(959, 'tetap', 13, 4, 3.38039),
	(960, 'selesai', 13, 1, 1.14613),
	(961, 'tugas', 13, 2, 1.33801),
	(962, 'jemput', 13, 1, 1.44716),
	(963, 'usai', 13, 1, 1.14613),
	(964, 'jam', 13, 1, 1.14613),
	(965, 'rumah', 13, 1, 0.492916),
	(966, 'awas', 13, 1, 1.44716),
	(967, 'khusus', 13, 1, 0.970037),
	(968, 'aktivitas', 13, 1, 1.44716),
	(969, 'aji', 13, 3, 4.34147),
	(970, 'agama', 13, 1, 1.44716),
	(971, 'islam', 13, 1, 1.44716),
	(972, 'panggil', 13, 1, 1.14613),
	(973, 'guru', 13, 6, 5.82022),
	(974, 'ustaz', 13, 1, 1.44716),
	(975, 'latar', 13, 1, 1.14613),
	(976, 'rekam', 13, 1, 1.14613),
	(977, 'jejak', 13, 1, 1.14613),
	(978, 'diketahui', 13, 1, 0.970037),
	(979, 'khawatir', 13, 1, 1.14613),
	(980, 'ajar', 13, 1, 0.669007),
	(981, 'simpang', 13, 1, 1.44716),
	(982, 'singgung', 13, 2, 2.89432),
	(983, 'terap', 13, 1, 0.970037),
	(984, 'rektor', 13, 1, 1.14613),
	(985, 'sosialisasi', 13, 2, 2.89432),
	(986, 'pusat', 13, 1, 0.669007),
	(987, 'daerah', 13, 1, 0.748188),
	(988, 'nanti', 13, 1, 1.14613),
	(989, 'payung', 13, 1, 1.44716),
	(990, 'hukum', 13, 1, 0.970037),
	(991, 'atur', 13, 1, 0.845098),
	(992, 'permen', 13, 1, 1.44716),
	(993, 'lebih', 13, 1, 0.845098),
	(994, 'dahulu', 13, 1, 1.44716),
	(995, 'intensif', 13, 1, 1.44716),
	(996, 'ujar', 13, 2, 1.6902),
	(997, 'bicara', 13, 1, 1.14613),
	(998, 'hadap', 13, 1, 1.14613),
	(999, 'ratus', 13, 1, 1.44716),
	(1000, 'kader', 13, 1, 1.14613),
	(1001, 'kota', 13, 1, 0.748188),
	(1002, 'upaya', 13, 1, 1.44716),
	(1003, 'restorasi', 13, 1, 1.44716),
	(1004, 'tengah', 13, 1, 1.14613),
	(1005, 'benah', 13, 1, 1.44716),
	(1006, 'bija', 13, 2, 2.89432),
	(1007, 'kait', 13, 1, 0.748188),
	(1008, 'profesionalisme', 13, 2, 2.89432),
	(1009, 'kutak', 13, 1, 1.44716),
	(1010, 'atik', 13, 1, 1.44716),
	(1011, 'sertifikasi', 13, 3, 3.43838),
	(1012, 'harap', 13, 1, 0.845098),
	(1013, 'tingkat', 13, 2, 1.6902),
	(1014, 'layak', 13, 1, 1.44716),
	(1015, 'tuntut', 13, 1, 1.14613),
	(1016, 'proses', 13, 1, 1.44716),
	(1017, 'minta', 13, 1, 1.44716),
	(1018, 'mudah', 13, 1, 0.544068),
	(1019, 'jenjang', 13, 1, 0.970037),
	(1020, 'sma', 13, 2, 2.29226),
	(1021, 'smk', 13, 3, 4.34147),
	(1022, 'formulasi', 13, 1, 1.44716),
	(1023, 'tepat', 13, 1, 1.14613),
	(1024, 'lulus', 13, 2, 2.29226),
	(1025, 'lanjut', 13, 2, 1.20412),
	(1026, 'tahap', 13, 2, 1.6902),
	(1027, 'alih', 13, 2, 2.89432),
	(1028, 'pilih', 13, 1, 0.970037),
	(1029, 'terampil', 13, 2, 2.29226),
	(1030, 'ahli', 13, 2, 2.29226),
	(1031, 'dunia', 13, 1, 0.845098),
	(1032, 'walau', 13, 1, 1.44716),
	(1033, 'mua', 13, 1, 0.845098),
	(1034, 'minat', 13, 1, 1.44716),
	(1035, 'ambil', 13, 1, 1.14613),
	(1036, 'kualitas', 13, 1, 1.14613),
	(1037, 'pada', 13, 1, 1.44716),
	(1038, 'gusur', 13, 1, 1.44716),
	(1039, 'tenaga', 13, 1, 0.669007),
	(1040, 'asing', 13, 1, 1.44716),
	(1041, 'internasional', 13, 1, 0.970037),
	(1042, 'cari', 13, 1, 1.14613),
	(1043, 'solusi', 13, 1, 1.44716),
	(1044, 'senjang', 13, 1, 1.44716),
	(1045, 'minimal', 13, 1, 1.14613),
	(1098, 'ajar', 14, 9, 6.02106),
	(1099, 'indonesia', 14, 10, 3.0103),
	(1100, 'kumpul', 14, 1, 1.44716),
	(1101, 'erasmus', 14, 1, 1.44716),
	(1102, 'huis', 14, 1, 1.44716),
	(1103, 'jakarta', 14, 1, 0.333215),
	(1104, 'ikut', 14, 1, 0.544068),
	(1105, 'pre', 14, 2, 2.89432),
	(1106, 'departure', 14, 2, 2.89432),
	(1107, 'briefing', 14, 1, 1.44716),
	(1108, 'selenggara', 14, 1, 0.970037),
	(1109, 'nuffic', 14, 2, 2.89432),
	(1110, 'neso', 14, 2, 2.89432),
	(1111, 'tahun', 14, 2, 2.29226),
	(1112, 'bekal', 14, 1, 1.14613),
	(1113, 'dukung', 14, 3, 2.24456),
	(1114, 'lanjut', 14, 4, 2.40824),
	(1115, 'studi', 14, 6, 5.07059),
	(1116, 'belanda', 14, 18, 26.0488),
	(1117, 'alumni', 14, 3, 4.34147),
	(1118, 'wakil', 14, 2, 1.20412),
	(1119, 'satu', 14, 1, 0.748188),
	(1120, 'ppi', 14, 1, 1.44716),
	(1121, 'gabung', 14, 1, 1.14613),
	(1122, 'bagi', 14, 1, 1.14613),
	(1123, 'tips', 14, 1, 1.44716),
	(1124, 'sesi', 14, 2, 2.29226),
	(1125, 'presentasi', 14, 2, 2.89432),
	(1126, 'kuis', 14, 1, 1.44716),
	(1127, 'main', 14, 1, 0.544068),
	(1128, 'hadiah', 14, 1, 1.44716),
	(1129, 'diskusi', 14, 1, 1.44716),
	(1130, 'kelompok', 14, 1, 0.970037),
	(1131, 'tarik', 14, 1, 1.44716),
	(1132, 'kombinasi', 14, 1, 1.14613),
	(1133, 'drama', 14, 1, 1.44716),
	(1134, 'singkat', 14, 2, 1.94007),
	(1135, 'gambar', 14, 1, 0.970037),
	(1136, 'keseharian', 14, 1, 1.44716),
	(1137, 'terima', 14, 1, 0.845098),
	(1138, 'beasiswa', 14, 3, 4.34147),
	(1139, 'stuned', 14, 1, 1.44716),
	(1140, 'kota', 14, 1, 0.748188),
	(1141, 'maastricht', 14, 1, 1.44716),
	(1142, 'denhaag', 14, 2, 2.89432),
	(1143, 'wageningen', 14, 1, 1.44716),
	(1144, 'groningen', 14, 1, 1.44716),
	(1145, 'video', 14, 2, 2.89432),
	(1146, 'sambut', 14, 4, 4.58451),
	(1147, 'banding', 14, 1, 0.970037),
	(1148, 'serta', 14, 2, 1.6902),
	(1149, 'tingkat', 14, 2, 1.6902),
	(1150, 'prsen', 14, 1, 1.44716),
	(1151, 'daftar', 14, 1, 0.970037),
	(1152, 'paksa', 14, 1, 1.44716),
	(1153, 'tutup', 14, 1, 0.748188),
	(1154, 'batas', 14, 1, 1.44716),
	(1155, 'indhira', 14, 2, 2.89432),
	(1156, 'ketua', 14, 1, 0.669007),
	(1157, 'panitia', 14, 1, 1.14613),
	(1158, 'perintah', 14, 2, 1.49638),
	(1159, 'universitas', 14, 1, 0.748188),
	(1160, 'sisa', 14, 1, 0.970037),
	(1161, 'biaya', 14, 1, 1.14613),
	(1162, 'pribadi', 14, 1, 1.14613),
	(1163, 'jenjang', 14, 1, 0.970037),
	(1164, 's', 14, 3, 2.91011),
	(1165, 'kursus', 14, 1, 1.44716),
	(1166, 'direktur', 14, 1, 0.970037),
	(1167, 'mervin', 14, 2, 2.89432),
	(1168, 'bakker', 14, 1, 1.44716),
	(1169, 'antusias', 14, 1, 1.44716),
	(1170, 'indikator', 14, 1, 1.44716),
	(1171, 'erat', 14, 1, 1.44716),
	(1172, 'negara', 14, 5, 4.22549),
	(1173, 'berharao', 14, 1, 1.44716),
	(1174, 'tukar', 14, 1, 1.14613),
	(1175, 'pikir', 14, 1, 1.44716),
	(1176, 'masyarakat', 14, 2, 1.08814),
	(1177, 'duta', 14, 4, 5.78863),
	(1178, 'kembali', 14, 1, 1.14613),
	(1179, 'amal', 14, 1, 1.44716),
	(1180, 'ilmu', 14, 3, 3.43838),
	(1181, 'sahabat', 14, 1, 1.14613),
	(1182, 'harmonis', 14, 1, 1.44716),
	(1183, 'nico', 14, 2, 2.89432),
	(1184, 'schermers', 14, 1, 1.44716),
	(1185, 'sistem', 14, 1, 0.970037),
	(1186, 'didik', 14, 2, 1.33801),
	(1187, 'reputasi', 14, 1, 1.44716),
	(1188, 'dunia', 14, 2, 1.6902),
	(1189, 'kualitas', 14, 1, 1.14613),
	(1190, 'agam', 14, 1, 0.970037),
	(1191, 'buka', 14, 1, 0.970037),
	(1192, 'amsterdam', 14, 1, 1.44716),
	(1193, 'rumah', 14, 1, 0.492916),
	(1194, 'kewarganegaraan', 14, 1, 1.44716),
	(1195, 'beda', 14, 1, 0.748188),
	(1196, 'kembang', 14, 2, 1.49638),
	(1197, 'sumberdaya', 14, 1, 1.44716),
	(1198, 'manusia', 14, 1, 1.14613),
	(1199, 'investasi', 14, 1, 1.44716),
	(1200, 'bidang', 14, 1, 0.845098),
	(1201, 'i', 14, 1, 1.14613),
	(1202, 'gusti', 14, 1, 1.14613),
	(1203, 'agung', 14, 2, 2.89432),
	(1204, 'wesakapuja', 14, 1, 1.44716),
	(1205, 'rekam', 14, 1, 1.14613),
	(1206, 'beliau', 14, 1, 1.44716),
	(1207, 'pesan', 14, 1, 1.44716),
	(1208, 'suasana', 14, 1, 1.44716),
	(1209, 'tuntut', 14, 1, 1.14613),
	(1210, 'keras', 14, 1, 0.970037),
	(1211, 'mahasiswa', 14, 1, 1.14613),
	(1212, 'untung', 14, 1, 1.14613),
	(1213, 'bawa', 14, 1, 1.14613),
	(1214, 'pulang', 14, 1, 0.970037),
	(1215, 'harap', 14, 1, 0.845098),
	(1216, 'manfaat', 14, 1, 1.44716),
	(1217, 'baik', 14, 2, 1.08814),
	(1218, 'bangsa', 14, 1, 1.44716),
	(1219, 'supaya', 14, 1, 1.14613),
	(1220, 'maju', 14, 1, 1.14613),
	(1221, 'ajar', 15, 4, 2.67603),
	(1222, 'sma', 15, 2, 2.29226),
	(1223, 'ipeka', 15, 2, 2.89432),
	(1224, 'wilson', 15, 7, 10.1301),
	(1225, 'gomarga', 15, 1, 1.44716),
	(1226, 'hasil', 15, 3, 3.43838),
	(1227, 'pulang', 15, 2, 1.94007),
	(1228, 'medali', 15, 4, 4.58451),
	(1229, 'emas', 15, 3, 4.34147),
	(1230, 'kompetisi', 15, 4, 5.78863),
	(1231, 'international', 15, 3, 2.53529),
	(1232, 'biology', 15, 2, 2.89432),
	(1233, 'olympiad', 15, 2, 2.89432),
	(1234, 'ibo', 15, 7, 10.1301),
	(1235, 'hanoi', 15, 1, 1.44716),
	(1236, 'vietnam', 15, 1, 1.14613),
	(1237, 'juli', 15, 2, 2.89432),
	(1238, 'singkir', 15, 1, 1.44716),
	(1239, 'serta', 15, 3, 2.53529),
	(1240, 'negara', 15, 2, 1.6902),
	(1241, 'ajang', 15, 6, 5.82022),
	(1242, 'tahun', 15, 2, 2.29226),
	(1243, 'olimpiade', 15, 2, 1.94007),
	(1244, 'internasional', 15, 1, 0.970037),
	(1245, 'indonesia', 15, 5, 1.50515),
	(1246, 'asal', 15, 1, 1.44716),
	(1247, 'sekolah', 15, 2, 2.29226),
	(1248, 'kal', 15, 1, 1.44716),
	(1249, 'ikut', 15, 5, 2.72034),
	(1250, 'tentu', 15, 1, 0.845098),
	(1251, 'senang', 15, 1, 0.970037),
	(1252, 'sumbang', 15, 1, 1.44716),
	(1253, 'wakil', 15, 3, 1.80618),
	(1254, 'kiprah', 15, 1, 1.44716),
	(1255, 'awal', 15, 1, 1.14613),
	(1256, 'keikutsertaan', 15, 1, 1.44716),
	(1257, 'sains', 15, 1, 1.44716),
	(1258, 'nasional', 15, 2, 1.33801),
	(1259, 'osn', 15, 1, 1.44716),
	(1260, 'yogyakarta', 15, 1, 1.14613),
	(1261, 'bidang', 15, 4, 3.38039),
	(1262, 'studi', 15, 2, 1.6902),
	(1263, 'nilai', 15, 1, 0.970037),
	(1264, 'praktik', 15, 1, 1.44716),
	(1265, 'teori', 15, 2, 2.89432),
	(1266, 'tinggi', 15, 1, 1.14613),
	(1267, 'panggil', 15, 1, 1.14613),
	(1268, 'seleksi', 15, 3, 2.91011),
	(1269, 'pelatnas', 15, 2, 2.89432),
	(1270, 'sisa', 15, 1, 0.970037),
	(1271, 'pilih', 15, 1, 0.970037),
	(1272, 'smp', 15, 1, 1.14613),
	(1273, 'lahir', 15, 1, 1.14613),
	(1274, 'jakarta', 15, 1, 0.333215),
	(1275, 'suka', 15, 2, 2.29226),
	(1276, 'biologi', 15, 4, 5.78863),
	(1277, 'bu', 15, 1, 1.14613),
	(1278, 'hafal', 15, 1, 1.44716),
	(1279, 'mirip', 15, 1, 1.14613),
	(1280, 'novel', 15, 1, 1.44716),
	(1281, 'dimengerti', 15, 1, 1.44716),
	(1282, 'konsep', 15, 1, 1.14613),
	(1283, 'supaya', 15, 1, 1.14613),
	(1284, 'enak', 15, 1, 1.44716),
	(1285, 'mudah', 15, 1, 0.544068),
	(1286, 'paham', 15, 1, 1.44716),
	(1287, 'didik', 15, 2, 1.33801),
	(1288, 'lanjut', 15, 1, 0.60206),
	(1289, 'kait', 15, 1, 0.748188),
	(1290, 'dokter', 15, 1, 0.845098),
	(1291, 'dalam', 15, 1, 1.14613),
	(1292, 'terap', 15, 1, 0.970037),
	(1293, 'dapat', 15, 1, 0.970037),
	(1294, 'ilmu', 15, 1, 1.14613),
	(1295, 'olah', 15, 1, 1.44716),
	(1296, 'raga', 15, 2, 2.89432),
	(1297, 'bola', 15, 1, 1.14613),
	(1298, 'tenis', 15, 1, 1.44716),
	(1299, 'meja', 15, 1, 1.44716),
	(1300, 'jauh', 15, 1, 1.44716),
	(1301, 'dukung', 15, 2, 1.49638),
	(1302, 'guru', 15, 2, 1.94007),
	(1303, 'bantu', 15, 1, 0.845098),
	(1304, 'butuh', 15, 1, 0.970037),
	(1305, 'alat', 15, 3, 4.34147),
	(1306, 'latih', 15, 2, 1.6902),
	(1307, 'rumah', 15, 1, 0.492916),
	(1308, 'pinjam', 15, 1, 1.44716),
	(1309, 'bagai', 15, 1, 1.44716),
	(1310, 'tambah', 15, 1, 0.60206),
	(1311, 'kepala', 15, 1, 0.845098),
	(1312, 'kembang', 15, 1, 0.748188),
	(1313, 'theo', 15, 2, 2.89432),
	(1314, 'kurniadi', 15, 1, 1.44716),
	(1315, 'murid', 15, 2, 2.89432),
	(1316, 'ajak', 15, 1, 1.44716),
	(1317, 'damping', 15, 1, 0.970037),
	(1318, 'bimbing', 15, 1, 1.44716),
	(1319, 'siswa', 15, 3, 4.34147),
	(1320, 'siswi', 15, 1, 1.44716),
	(1321, 'prinsip', 15, 1, 1.44716),
	(1322, 'laku', 15, 1, 0.970037),
	(1323, 'baik', 15, 1, 0.544068),
	(1324, 'adapun', 15, 1, 0.970037),
	(1325, 'tingkat', 15, 1, 0.845098),
	(1326, 'dunia', 15, 1, 0.845098),
	(1327, 'liput', 15, 1, 1.14613),
	(1328, 'tes', 15, 2, 2.89432),
	(1329, 'praktikum', 15, 1, 1.44716),
	(1330, 'laksana', 15, 1, 0.748188),
	(1331, 'tiap', 15, 1, 1.14613),
	(1332, 'antalya', 15, 1, 1.44716),
	(1333, 'turki', 15, 1, 1.44716),
	(1334, 'pt', 16, 1, 0.970037),
	(1335, 'kawasaki', 16, 11, 15.9187),
	(1336, 'motor', 16, 7, 5.91569),
	(1337, 'indonesia', 16, 5, 1.50515),
	(1338, 'partisipasi', 16, 1, 1.44716),
	(1339, 'event', 16, 2, 2.89432),
	(1340, 'gaikindo', 16, 1, 0.970037),
	(1341, 'international', 16, 1, 0.845098),
	(1342, 'autoshow', 16, 1, 1.44716),
	(1343, 'giias', 16, 3, 2.91011),
	(1344, 'ice', 16, 2, 1.94007),
	(1345, 'bsd', 16, 2, 1.94007),
	(1346, 'jum', 16, 1, 1.44716),
	(1347, 'momen', 16, 1, 1.44716),
	(1348, 'tepat', 16, 1, 1.14613),
	(1349, 'rilis', 16, 1, 1.14613),
	(1350, 'varian', 16, 3, 3.43838),
	(1351, 'cinta', 16, 2, 2.89432),
	(1352, 'klasik', 16, 6, 8.68295),
	(1353, 'kenal', 16, 1, 1.14613),
	(1354, 'kmi', 16, 5, 7.23579),
	(1355, 'ialah', 16, 1, 1.44716),
	(1356, 'w', 16, 8, 11.5773),
	(1357, 'authentic', 16, 1, 1.44716),
	(1358, 'classic', 16, 1, 1.44716),
	(1359, 'usung', 16, 1, 1.14613),
	(1360, 'konsep', 16, 1, 1.14613),
	(1361, 'ramai', 16, 1, 1.14613),
	(1362, 'model', 16, 3, 2.00702),
	(1363, 'sport', 16, 1, 1.14613),
	(1364, 'adventure', 16, 1, 1.44716),
	(1365, 'malah', 16, 1, 1.44716),
	(1366, 'luncur', 16, 2, 1.33801),
	(1367, 'nostalgia', 16, 1, 1.44716),
	(1368, 'boleh', 16, 1, 0.970037),
	(1369, 'dong', 16, 1, 1.44716),
	(1370, 'supervisor', 16, 1, 1.44716),
	(1371, 'sales', 16, 2, 2.89432),
	(1372, 'promotion', 16, 2, 2.89432),
	(1373, 'sucipto', 16, 1, 1.44716),
	(1374, 'wijono', 16, 1, 1.44716),
	(1375, 'city', 16, 1, 0.970037),
	(1376, 'tangerang', 16, 1, 1.14613),
	(1377, 'aura', 16, 1, 1.44716),
	(1378, 'kuat', 16, 1, 1.14613),
	(1379, 'lihat', 16, 1, 0.544068),
	(1380, 'garis', 16, 1, 1.44716),
	(1381, 'bodi', 16, 1, 1.44716),
	(1382, 'bulat', 16, 1, 1.44716),
	(1383, 'tangki', 16, 1, 1.44716),
	(1384, 'lampu', 16, 1, 0.845098),
	(1385, 'spakbor', 16, 1, 1.44716),
	(1386, 'speedometer', 16, 1, 1.44716),
	(1387, 'analog', 16, 1, 1.44716),
	(1388, 'rem', 16, 1, 1.44716),
	(1389, 'dep', 16, 1, 1.44716),
	(1390, 'cakram', 16, 1, 1.44716),
	(1391, 'tromol', 16, 1, 1.44716),
	(1392, 'andal', 16, 2, 1.49638),
	(1393, 'mesin', 16, 1, 1.14613),
	(1394, 'vertical', 16, 1, 1.44716),
	(1395, 'twin', 16, 1, 1.44716),
	(1396, 'sohc', 16, 1, 1.44716),
	(1397, 'cc', 16, 1, 1.14613),
	(1398, 'aircooled', 16, 1, 1.44716),
	(1399, 'jantung', 16, 1, 1.44716),
	(1400, 'mekanis', 16, 1, 1.44716),
	(1401, 'sanggup', 16, 1, 1.44716),
	(1402, 'sembur', 16, 1, 1.14613),
	(1403, 'tenaga', 16, 1, 0.669007),
	(1404, 'tk', 16, 1, 1.14613),
	(1405, 'torsi', 16, 1, 1.44716),
	(1406, 'nm', 16, 1, 1.44716),
	(1407, 'kesan', 16, 2, 2.89432),
	(1408, 'kombinasi', 16, 1, 1.14613),
	(1409, 'imbang', 16, 1, 0.748188),
	(1410, 'chasis', 16, 1, 1.44716),
	(1411, 'roda', 16, 1, 1.14613),
	(1412, 'diameter', 16, 1, 1.44716),
	(1413, 'knalpot', 16, 1, 1.14613),
	(1414, 'desain', 16, 1, 0.970037),
	(1415, 'sederhana', 16, 1, 1.44716),
	(1416, 'elegan', 16, 1, 1.44716),
	(1417, 'cipta', 16, 1, 1.14613),
	(1418, 'hormat', 16, 1, 1.14613),
	(1419, 'legendaris', 16, 1, 1.44716),
	(1420, 'brand', 16, 1, 1.44716),
	(1421, 'bentuk', 16, 1, 1.14613),
	(1422, 'harga', 16, 1, 0.845098),
	(1423, 'rp', 16, 1, 0.970037),
	(1424, 'pilih', 16, 1, 0.970037),
	(1425, 'warna', 16, 1, 1.14613),
	(1426, 'metallic', 16, 1, 1.44716),
	(1427, 'ocean', 16, 1, 1.44716),
	(1428, 'blue', 16, 1, 1.44716),
	(1429, 'ebony', 16, 1, 1.44716),
	(1430, 'special', 16, 1, 1.44716),
	(1431, 'edition', 16, 1, 1.44716),
	(1432, 'informasi', 16, 1, 0.845098),
	(1433, 'impor', 16, 1, 1.44716),
	(1434, 'jepang', 16, 1, 0.970037),
	(1435, 'deputi', 16, 1, 1.44716),
	(1436, 'departemen', 16, 1, 1.44716),
	(1437, 'head', 16, 1, 1.44716),
	(1438, 'division', 16, 1, 1.44716),
	(1439, 'michael', 16, 1, 1.44716),
	(1440, 'chandra', 16, 1, 1.44716),
	(1441, 'tanadhi', 16, 1, 1.44716),
	(1442, 'sebut', 16, 1, 0.970037),
	(1443, 'se', 16, 2, 2.89432),
	(1444, 'unit', 16, 1, 0.970037),
	(1445, 'kaca', 16, 1, 1.44716),
	(1446, 'estrella', 16, 1, 1.44716),
	(1447, 'cari', 16, 1, 1.14613),
	(1448, 'suka', 16, 1, 1.14613),
	(1449, 'black', 16, 1, 1.44716),
	(1450, 'garnish', 16, 1, 1.44716),
	(1451, 'a', 16, 1, 1.14613),
	(1452, 'hitam', 16, 1, 0.970037),
	(1453, 'jelas', 16, 1, 1.14613),
	(1454, 'keluar', 16, 1, 0.845098),
	(1455, 'lengkap', 16, 1, 0.845098),
	(1456, 'tipe', 16, 1, 1.14613),
	(1457, 'penuh', 16, 1, 1.14613),
	(1458, 'puas', 16, 1, 1.14613),
	(1459, 'pajang', 16, 1, 1.44716),
	(1460, 'booth', 16, 2, 2.29226),
	(1461, 'beli', 16, 1, 0.970037),
	(1462, 'apparel', 16, 1, 1.44716),
	(1463, 'letak', 16, 1, 1.44716),
	(1464, 'hall', 16, 1, 1.14613),
	(1465, 'nomor', 16, 1, 0.845098),
	(1466, 'ah', 16, 1, 1.44716),
	(1467, 'agustus', 16, 1, 0.669007),
	(1468, 'daftar', 17, 1, 0.970037),
	(1469, 'mobil', 17, 5, 4.85018),
	(1470, 'banderol', 17, 1, 1.44716),
	(1471, 'rp', 17, 3, 2.91011),
	(1472, 'artikel', 17, 2, 2.89432),
	(1473, 'sorot', 17, 1, 1.14613),
	(1474, 'baca', 17, 1, 1.44716),
	(1475, 'setia', 17, 1, 1.44716),
	(1476, 'liput', 17, 1, 1.14613),
	(1477, 'com', 17, 1, 0.970037),
	(1478, 'samping', 17, 1, 1.44716),
	(1479, 'motor', 17, 3, 2.53529),
	(1480, 'ktm', 17, 6, 8.68295),
	(1481, 'turun', 17, 2, 2.29226),
	(1482, 'harga', 17, 6, 5.07059),
	(1483, 'alas', 17, 1, 0.669007),
	(1484, 'new', 17, 3, 3.43838),
	(1485, 'honda', 17, 5, 4.22549),
	(1486, 'beat', 17, 4, 4.58451),
	(1487, 'masuh', 17, 1, 1.44716),
	(1488, 'pakai', 17, 3, 2.53529),
	(1489, 'bohlam', 17, 3, 3.43838),
	(1490, 'luput', 17, 1, 1.44716),
	(1491, 'hati', 17, 1, 0.845098),
	(1492, 'ikut', 17, 1, 0.544068),
	(1493, 'otomotif', 17, 3, 2.91011),
	(1494, 'deret', 17, 1, 1.44716),
	(1495, 'pabrikan', 17, 2, 1.94007),
	(1496, 'panjang', 17, 1, 1.14613),
	(1497, 'lomba', 17, 1, 1.14613),
	(1498, 'tampil', 17, 2, 1.6902),
	(1499, 'line', 17, 1, 1.14613),
	(1500, 'andal', 17, 2, 1.49638),
	(1501, 'gaikindo', 17, 1, 0.970037),
	(1502, 'indonesia', 17, 3, 0.90309),
	(1503, 'international', 17, 1, 0.845098),
	(1504, 'auto', 17, 1, 1.14613),
	(1505, 'giias', 17, 1, 0.970037),
	(1506, 'pamer', 17, 2, 2.29226),
	(1507, 'akbar', 17, 1, 1.14613),
	(1508, 'lokasi', 17, 1, 0.845098),
	(1509, 'ice', 17, 2, 1.94007),
	(1510, 'bsd', 17, 2, 1.94007),
	(1511, 'model', 17, 1, 0.669007),
	(1512, 'luncur', 17, 1, 0.669007),
	(1513, 'masyarakat', 17, 1, 0.544068),
	(1514, 'umum', 17, 1, 0.748188),
	(1515, 'rentang', 17, 1, 1.14613),
	(1516, 'jangkau', 17, 1, 0.970037),
	(1517, 'sisi', 17, 1, 0.845098),
	(1518, 'daya', 17, 1, 1.14613),
	(1519, 'beli', 17, 1, 0.970037),
	(1520, 'fitur', 17, 3, 2.91011),
	(1521, 'fungsional', 17, 1, 1.14613),
	(1522, 'hari', 17, 1, 1.14613),
	(1523, 'lengkap', 17, 1, 0.845098),
	(1524, 'klik', 17, 1, 1.44716),
	(1525, 'sini', 17, 1, 1.44716),
	(1526, 'resmi', 17, 1, 0.748188),
	(1527, 'austria', 17, 1, 1.44716),
	(1528, 'mastik', 17, 1, 1.14613),
	(1529, 'jual', 17, 1, 1.14613),
	(1530, 'produk', 17, 1, 1.44716),
	(1531, 'murah', 17, 1, 1.44716),
	(1532, 'kait', 17, 1, 0.748188),
	(1533, 'rencana', 17, 1, 0.845098),
	(1534, 'bangun', 17, 1, 0.748188),
	(1535, 'pabrik', 17, 1, 1.44716),
	(1536, 'rakit', 17, 1, 1.44716),
	(1537, 'gresik', 17, 1, 1.14613),
	(1538, 'jawa', 17, 1, 1.14613),
	(1539, 'timur', 17, 1, 1.14613),
	(1540, 'duke', 17, 1, 1.44716),
	(1541, 'rc', 17, 1, 1.44716),
	(1542, 'oleh', 17, 1, 1.44716),
	(1543, 'ckd', 17, 1, 1.44716),
	(1544, 'kristianto', 17, 1, 1.44716),
	(1545, 'goenadi', 17, 1, 1.44716),
	(1546, 'presiden', 17, 1, 0.970037),
	(1547, 'direktur', 17, 1, 0.970037),
	(1548, 'pt', 17, 1, 0.970037),
	(1549, 'penta', 17, 1, 1.44716),
	(1550, 'jaya', 17, 1, 0.970037),
	(1551, 'laju', 17, 1, 1.44716),
	(1552, 'distributor', 17, 1, 1.44716),
	(1553, 'booth', 17, 1, 1.14613),
	(1554, 'hall', 17, 1, 1.14613),
	(1555, 'city', 17, 1, 0.970037),
	(1556, 'tangerang', 17, 1, 1.14613),
	(1557, 'jelas', 17, 1, 1.14613),
	(1558, 'rombak', 17, 1, 1.14613),
	(1559, 'total', 17, 1, 1.14613),
	(1560, 'desain', 17, 1, 0.970037),
	(1561, 'esp', 17, 1, 1.14613),
	(1562, 'gaya', 17, 1, 1.14613),
	(1563, 'sporty', 17, 1, 0.970037),
	(1564, 'futuristik', 17, 1, 1.14613),
	(1565, 'sayang', 17, 1, 0.970037),
	(1566, 'mua', 17, 1, 0.845098),
	(1567, 'imbang', 17, 1, 0.748188),
	(1568, 'canggih', 17, 1, 1.14613),
	(1569, 'jadul', 17, 1, 1.14613),
	(1570, 'generasi', 17, 1, 1.14613),
	(1571, 'headlamp', 17, 1, 0.970037),
	(1572, 'maka', 17, 1, 1.14613),
	(1573, 'lampu', 17, 2, 1.6902),
	(1574, 'pijar', 17, 1, 1.14613),
	(1575, 'alias', 17, 1, 1.14613),
	(1576, 'skutik', 17, 1, 1.14613),
	(1577, 'baru', 17, 1, 0.970037),
	(1578, 'aplikasi', 17, 1, 1.14613),
	(1579, 'led', 17, 1, 1.14613),
	(1580, 'yamaha', 18, 5, 7.23579),
	(1581, 'r', 18, 6, 8.68295),
	(1582, 'daftar', 18, 1, 0.970037),
	(1583, 'remaja', 18, 1, 1.44716),
	(1584, 'informasi', 18, 8, 6.76078),
	(1585, 'kuak', 18, 1, 1.44716),
	(1586, 'mei', 18, 1, 1.44716),
	(1587, 'sebut', 18, 1, 0.970037),
	(1588, 'motor', 18, 4, 3.38039),
	(1589, 'sport', 18, 1, 1.14613),
	(1590, 'kelas', 18, 2, 2.89432),
	(1591, 'tengah', 18, 1, 1.14613),
	(1592, 'isi', 18, 1, 1.44716),
	(1593, 'model', 18, 2, 1.33801),
	(1594, 'ubah', 18, 3, 2.00702),
	(1595, 'bocor', 18, 1, 1.44716),
	(1596, 'soal', 18, 3, 2.91011),
	(1597, 'knalpot', 18, 1, 1.14613),
	(1598, 'lubang', 18, 1, 1.44716),
	(1599, 'ganda', 18, 1, 0.970037),
	(1600, 'honda', 18, 3, 2.53529),
	(1601, 'cbr', 18, 3, 4.34147),
	(1602, 'rr', 18, 3, 4.34147),
	(1603, 'resmi', 18, 1, 0.748188),
	(1604, 'arti', 18, 1, 0.845098),
	(1605, 'akurat', 18, 1, 1.44716),
	(1606, 'anonim', 18, 1, 1.44716),
	(1607, 'morebikes', 18, 1, 1.44716),
	(1608, 'uk', 18, 1, 1.44716),
	(1609, 'radikal', 18, 1, 1.44716),
	(1610, 'pasang', 18, 1, 0.970037),
	(1611, 'winglet', 18, 1, 1.44716),
	(1612, 'cfd', 18, 1, 1.44716),
	(1613, 'headlamp', 18, 1, 0.970037),
	(1614, 'lampu', 18, 1, 0.845098),
	(1615, 'tipis', 18, 1, 1.44716),
	(1616, 'mirip', 18, 1, 1.14613),
	(1617, 'buat', 18, 1, 0.970037),
	(1618, 'render', 18, 1, 1.44716),
	(1619, 'gambar', 18, 1, 0.970037),
	(1620, 'foto', 18, 1, 1.44716),
	(1621, 'kata', 18, 1, 1.14613),
	(1622, 'mesin', 18, 2, 2.29226),
	(1623, 'berkubikasi', 18, 1, 1.44716),
	(1624, 'cc', 18, 2, 2.29226),
	(1625, 'rasio', 18, 1, 1.44716),
	(1626, 'kompresi', 18, 1, 1.44716),
	(1627, 'output', 18, 1, 1.44716),
	(1628, 'versi', 18, 1, 1.44716),
	(1629, 'kini', 18, 1, 1.44716),
	(1630, 'tenaga', 18, 2, 1.33801),
	(1631, 'tk', 18, 2, 2.29226),
	(1632, 'rpm', 18, 1, 1.44716),
	(1633, 'sembur', 18, 1, 1.14613),
	(1634, 'laman', 18, 2, 2.89432),
	(1635, 'autoevolution', 18, 1, 1.44716),
	(1636, 'com', 18, 2, 1.94007),
	(1637, 'tulis', 18, 1, 1.14613),
	(1638, 'performa', 18, 1, 1.44716),
	(1639, 'tingkat', 18, 2, 1.6902),
	(1640, 'agam', 18, 1, 0.970037),
	(1641, 'angkat', 18, 1, 1.44716),
	(1642, 'elektronik', 18, 1, 1.44716),
	(1643, 'kontrol', 18, 2, 2.89432),
	(1644, 'traksi', 18, 1, 1.44716),
	(1645, 'multi', 18, 1, 1.44716),
	(1646, 'level', 18, 1, 1.44716),
	(1647, 'wheelie', 18, 1, 1.44716),
	(1648, 'antilock', 18, 1, 1.44716),
	(1649, 'braking', 18, 1, 1.44716),
	(1650, 'abs', 18, 1, 1.44716),
	(1651, 'suspensi', 18, 1, 1.44716),
	(1652, 'semiaktif', 18, 1, 1.44716),
	(1653, 'sekaligus', 18, 1, 1.44716),
	(1654, 'bantah', 18, 1, 1.14613),
	(1655, 'ikut', 18, 1, 0.544068),
	(1656, 'jejak', 18, 1, 1.14613),
	(1657, 'henti', 18, 2, 2.89432),
	(1658, 'produksi', 18, 1, 1.14613),
	(1659, 'eropa', 18, 1, 1.44716),
	(1660, 'penuh', 18, 2, 2.29226),
	(1661, 'standar', 18, 3, 4.34147),
	(1662, 'euro', 18, 2, 2.89432),
	(1663, 'supersport', 18, 1, 1.44716),
	(1664, 'jual', 18, 2, 2.29226),
	(1665, 'kepala', 18, 1, 0.845098),
	(1666, 'inggris', 18, 1, 1.44716),
	(1667, 'jeff', 18, 1, 1.44716),
	(1668, 'turner', 18, 1, 1.44716),
	(1669, 'motorcyclenews', 18, 1, 1.44716),
	(1670, 'eksis', 18, 1, 1.44716),
	(1671, 'betul', 18, 1, 0.970037),
	(1672, 'nampak', 18, 1, 1.44716),
	(1673, 'pabrikan', 18, 1, 0.970037),
	(1674, 'bilang', 18, 1, 0.970037),
	(1675, 'maklum', 18, 1, 1.44716),
	(1676, 'harga', 18, 1, 0.845098),
	(1677, 'relatif', 18, 1, 1.44716),
	(1678, 'mahal', 18, 1, 1.44716),
	(1679, 'timbang', 18, 1, 0.845098),
	(1680, 'suntik', 18, 1, 1.44716),
	(1681, 'mati', 18, 1, 1.44716),
	(1682, 'nah', 18, 1, 0.845098),
	(1683, 'buka', 18, 1, 0.970037),
	(1684, 'selubung', 18, 1, 1.44716),
	(1685, 'november', 18, 1, 0.970037),
	(1686, 'cepat', 18, 1, 1.14613),
	(1687, 'honda', 19, 6, 5.07059),
	(1688, 'rombak', 19, 1, 1.14613),
	(1689, 'total', 19, 1, 1.14613),
	(1690, 'desain', 19, 1, 0.970037),
	(1691, 'new', 19, 2, 2.29226),
	(1692, 'beat', 19, 7, 8.0229),
	(1693, 'esp', 19, 1, 1.14613),
	(1694, 'tampil', 19, 1, 0.845098),
	(1695, 'gaya', 19, 1, 1.14613),
	(1696, 'sporty', 19, 1, 0.970037),
	(1697, 'futuristik', 19, 1, 1.14613),
	(1698, 'sayang', 19, 1, 0.970037),
	(1699, 'mua', 19, 1, 0.845098),
	(1700, 'imbang', 19, 1, 0.748188),
	(1701, 'fitur', 19, 3, 2.91011),
	(1702, 'canggih', 19, 1, 1.14613),
	(1703, 'jadul', 19, 1, 1.14613),
	(1704, 'andal', 19, 1, 0.748188),
	(1705, 'generasi', 19, 1, 1.14613),
	(1706, 'headlamp', 19, 2, 1.94007),
	(1707, 'maka', 19, 5, 5.73064),
	(1708, 'lampu', 19, 6, 5.07059),
	(1709, 'pijar', 19, 1, 1.14613),
	(1710, 'alias', 19, 1, 1.14613),
	(1711, 'bohlam', 19, 1, 1.14613),
	(1712, 'skutik', 19, 1, 1.14613),
	(1713, 'baru', 19, 1, 0.970037),
	(1714, 'aplikasi', 19, 1, 1.14613),
	(1715, 'led', 19, 9, 10.3152),
	(1716, 'headlight', 19, 1, 1.44716),
	(1717, 'tambah', 19, 1, 0.60206),
	(1718, 'untung', 19, 1, 1.14613),
	(1719, 'kembang', 19, 2, 1.49638),
	(1720, 'timbang', 19, 3, 2.53529),
	(1721, 'tahap', 19, 1, 0.845098),
	(1722, 'analisis', 19, 1, 1.44716),
	(1723, 'temu', 19, 1, 0.748188),
	(1724, 'tukar', 19, 1, 1.14613),
	(1725, 'biaya', 19, 1, 1.14613),
	(1726, 'maintenance', 19, 1, 1.44716),
	(1727, 'ungkap', 19, 1, 1.44716),
	(1728, 'presiden', 19, 1, 0.970037),
	(1729, 'direktur', 19, 1, 0.970037),
	(1730, 'pt', 19, 1, 0.970037),
	(1731, 'astra', 19, 1, 1.44716),
	(1732, 'motor', 19, 1, 0.845098),
	(1733, 'toshiyuki', 19, 1, 1.44716),
	(1734, 'inuma', 19, 2, 2.89432),
	(1735, 'luncur', 19, 1, 0.669007),
	(1736, 'sebar', 19, 1, 1.44716),
	(1737, 'pelosok', 19, 1, 1.14613),
	(1738, 'jangkau', 19, 2, 1.94007),
	(1739, 'jaring', 19, 1, 1.14613),
	(1740, 'bengkel', 19, 2, 2.89432),
	(1741, 'resmi', 19, 1, 0.748188),
	(1742, 'mudah', 19, 1, 0.544068),
	(1743, 'awat', 19, 1, 1.44716),
	(1744, 'sengaja', 19, 1, 1.44716),
	(1745, 'tunda', 19, 2, 2.89432),
	(1746, 'pakai', 19, 2, 1.6902),
	(1747, 'sistem', 19, 1, 0.970037),
	(1748, 'cahaya', 19, 1, 1.44716),
	(1749, 'produksi', 19, 1, 1.14613),
	(1750, 'area', 19, 1, 1.14613),
	(1751, 'luas', 19, 1, 1.44716),
	(1752, 'daerah', 19, 2, 1.49638),
	(1753, 'service', 19, 1, 1.14613),
	(1754, 'network', 19, 1, 1.44716),
	(1755, 'sedia', 19, 1, 0.970037),
	(1756, 'struktur', 19, 1, 1.44716),
	(1757, 'tutur', 19, 1, 0.748188),
	(1758, 'pria', 19, 1, 0.970037),
	(1759, 'jepang', 19, 1, 0.970037),
	(1760, 'hemat', 19, 1, 1.44716),
	(1761, 'listrik', 19, 1, 1.44716),
	(1762, 'tren', 19, 1, 1.44716),
	(1763, 'jagat', 19, 1, 1.44716),
	(1764, 'otomotif', 19, 1, 0.970037),
	(1765, 'roda', 19, 2, 2.29226),
	(1766, 'janji', 19, 1, 0.970037),
	(1767, 'banyak', 19, 1, 1.14613),
	(1768, 'model', 19, 3, 2.00702),
	(1769, 'jam', 19, 1, 1.14613),
	(1770, 'arah', 19, 1, 1.14613),
	(1771, 'pungkas', 19, 1, 1.14613),
	(1772, 'pabrikan', 20, 2, 1.94007),
	(1773, 'otomotif', 20, 1, 0.970037),
	(1774, 'panjang', 20, 1, 1.14613),
	(1775, 'lomba', 20, 1, 1.14613),
	(1776, 'tampil', 20, 1, 0.845098),
	(1777, 'line', 20, 1, 1.14613),
	(1778, 'andal', 20, 1, 0.748188),
	(1779, 'gaikindo', 20, 1, 0.970037),
	(1780, 'indonesia', 20, 2, 0.60206),
	(1781, 'international', 20, 1, 0.845098),
	(1782, 'auto', 20, 1, 1.14613),
	(1783, 'giias', 20, 1, 0.970037),
	(1784, 'mobil', 20, 6, 5.82022),
	(1785, 'pamer', 20, 2, 2.29226),
	(1786, 'akbar', 20, 1, 1.14613),
	(1787, 'lokasi', 20, 1, 0.845098),
	(1788, 'ice', 20, 1, 0.970037),
	(1789, 'bsd', 20, 1, 0.970037),
	(1790, 'model', 20, 2, 1.33801),
	(1791, 'luncur', 20, 1, 0.669007),
	(1792, 'masyarakat', 20, 1, 0.544068),
	(1793, 'umum', 20, 2, 1.49638),
	(1794, 'harga', 20, 4, 3.38039),
	(1795, 'rp', 20, 14, 13.5805),
	(1796, 'rentang', 20, 2, 2.29226),
	(1797, 'jangkau', 20, 1, 0.970037),
	(1798, 'sisi', 20, 1, 0.845098),
	(1799, 'daya', 20, 1, 1.14613),
	(1800, 'beli', 20, 1, 0.970037),
	(1801, 'fitur', 20, 1, 0.970037),
	(1802, 'fungsional', 20, 1, 1.14613),
	(1803, 'pakai', 20, 1, 0.845098),
	(1804, 'hari', 20, 1, 1.14613),
	(1805, 'segmen', 20, 2, 2.89432),
	(1806, 'ditawarkan', 20, 1, 1.44716),
	(1807, 'agam', 20, 1, 0.970037),
	(1808, 'lengkap', 20, 1, 0.845098),
	(1809, 'sedia', 20, 2, 1.94007),
	(1810, 'mpv', 20, 3, 4.34147),
	(1811, 'city', 20, 1, 0.970037),
	(1812, 'car', 20, 1, 1.44716),
	(1813, 'hatchback', 20, 1, 1.44716),
	(1814, 'suv', 20, 1, 1.44716),
	(1815, 'penasaran', 20, 1, 1.44716),
	(1816, 'ikut', 20, 1, 0.544068),
	(1817, 'urai', 20, 1, 1.44716),
	(1818, 'singkat', 20, 1, 0.970037),
	(1819, 'kendara', 20, 1, 1.44716),
	(1820, 'keluarga', 20, 1, 0.748188),
	(1821, 'menawarkan', 20, 1, 1.44716),
	(1822, 'kisar', 20, 1, 1.44716),
	(1823, 'tiap', 20, 1, 1.14613),
	(1824, 'merek', 20, 1, 1.44716),
	(1825, 'kapasitas', 20, 1, 1.14613),
	(1826, 'tumpang', 20, 1, 1.44716),
	(1827, 'daihatsu', 20, 3, 4.34147),
	(1828, 'sigra', 20, 1, 1.44716),
	(1829, 'luxio', 20, 1, 1.44716),
	(1830, 'tipe', 20, 6, 6.87677),
	(1831, 'd', 20, 1, 0.970037),
	(1832, 'x', 20, 1, 1.44716),
	(1833, 'manual', 20, 1, 1.44716),
	(1834, 'xenia', 20, 1, 1.44716),
	(1835, 'kecuali', 20, 1, 1.44716),
	(1836, 'varian', 20, 1, 1.14613),
	(1837, 'sporty', 20, 1, 0.970037),
	(1838, 'datsun', 20, 1, 1.44716),
	(1839, 'honda', 20, 1, 0.845098),
	(1840, 'mobilio', 20, 1, 1.44716),
	(1841, 's', 20, 2, 1.94007),
	(1842, 'mt', 20, 2, 2.89432),
	(1843, 'nissan', 20, 1, 1.44716),
	(1844, 'evalia', 20, 1, 1.44716),
	(1845, 'option', 20, 1, 1.44716),
	(1846, 'sv', 20, 1, 1.44716),
	(1847, 'suzuki', 20, 2, 2.89432),
	(1848, 'apv', 20, 1, 1.44716),
	(1849, 'ge', 20, 1, 1.44716),
	(1850, 'gl', 20, 1, 1.44716),
	(1851, 'gx', 20, 1, 1.44716),
	(1852, 'sgx', 20, 1, 1.44716),
	(1853, 'ertiga', 20, 1, 1.44716),
	(1854, 'ga', 20, 1, 1.44716),
	(1855, 'toyota', 20, 2, 2.89432),
	(1856, 'calya', 20, 1, 1.44716),
	(1857, 'avanza', 20, 1, 1.44716),
	(1858, 'e', 20, 1, 1.44716),
	(1859, 'daerah', 21, 5, 3.74094),
	(1860, 'dukun', 21, 12, 17.3659),
	(1861, 'anak', 21, 13, 10.9863),
	(1862, 'o', 21, 1, 1.44716),
	(1863, 'andal', 21, 1, 0.748188),
	(1864, 'salin', 21, 5, 7.23579),
	(1865, 'tenaga', 21, 2, 1.33801),
	(1866, 'sehat', 21, 4, 3.38039),
	(1867, 'terjun', 21, 1, 1.44716),
	(1868, 'menkes', 21, 3, 3.43838),
	(1869, 'dr', 21, 4, 3.38039),
	(1870, 'nila', 21, 3, 3.43838),
	(1871, 'farid', 21, 1, 1.14613),
	(1872, 'moelok', 21, 1, 1.14613),
	(1873, 'sp', 21, 1, 1.14613),
	(1874, 'm', 21, 1, 0.970037),
	(1875, 'k', 21, 1, 1.14613),
	(1876, 'peran', 21, 2, 1.94007),
	(1877, 'percaya', 21, 2, 2.89432),
	(1878, 'warga', 21, 3, 2.53529),
	(1879, 'khawatir', 21, 2, 2.29226),
	(1880, 'apabila', 21, 1, 1.14613),
	(1881, 'ibu', 21, 7, 5.91569),
	(1882, 'lahir', 21, 3, 3.43838),
	(1883, 'komplikasi', 21, 1, 1.44716),
	(1884, 'butuh', 21, 2, 1.94007),
	(1885, 'bantu', 21, 1, 0.845098),
	(1886, 'medis', 21, 3, 3.43838),
	(1887, 'rumah', 21, 9, 4.43624),
	(1888, 'sakit', 21, 2, 1.94007),
	(1889, 'peka', 21, 1, 1.44716),
	(1890, 'usaha', 21, 1, 1.14613),
	(1891, 'menangani', 21, 1, 1.14613),
	(1892, 'ingin', 21, 1, 1.44716),
	(1893, 'ingat', 21, 1, 0.970037),
	(1894, 'sosok', 21, 2, 2.89432),
	(1895, 'bijak', 21, 1, 1.44716),
	(1896, 'merta', 21, 1, 1.44716),
	(1897, 'pinggir', 21, 1, 1.44716),
	(1898, 'turut', 21, 1, 1.14613),
	(1899, 'tetap', 21, 2, 1.6902),
	(1900, 'teman', 21, 1, 1.44716),
	(1901, 'damping', 21, 1, 0.970037),
	(1902, 'singgah', 21, 3, 4.34147),
	(1903, 'bidan', 21, 3, 3.43838),
	(1904, 'saran', 21, 1, 1.14613),
	(1905, 'anugerah', 21, 1, 1.14613),
	(1906, 'teladan', 21, 1, 1.14613),
	(1907, 'nasional', 21, 1, 0.669007),
	(1908, 'hotel', 21, 1, 1.14613),
	(1909, 'grand', 21, 1, 1.14613),
	(1910, 'sahid', 21, 1, 1.14613),
	(1911, 'jaya', 21, 1, 0.970037),
	(1912, 'jenderal', 21, 1, 0.970037),
	(1913, 'sudirman', 21, 1, 1.14613),
	(1914, 'tambah', 21, 1, 0.60206),
	(1915, 'lebih', 21, 2, 1.6902),
	(1916, 'masing', 21, 2, 2.89432),
	(1917, 'hati', 21, 2, 1.6902),
	(1918, 'masyarakat', 21, 1, 0.544068),
	(1919, 'terampil', 21, 1, 1.14613),
	(1920, 'dekat', 21, 1, 0.970037),
	(1921, 'hal', 21, 1, 1.44716),
	(1922, 'riskiyana', 21, 1, 1.44716),
	(1923, 'sukandhi', 21, 1, 1.44716),
	(1924, 'putra', 21, 1, 1.14613),
	(1925, 'mkes', 21, 1, 1.44716),
	(1926, 'jabat', 21, 1, 1.44716),
	(1927, 'kasub', 21, 1, 1.44716),
	(1928, 'direktorat', 21, 1, 1.44716),
	(1929, 'bina', 21, 1, 0.970037),
	(1930, 'keluarga', 21, 1, 0.748188),
	(1931, 'rencana', 21, 1, 0.845098),
	(1932, 'kemenkes', 21, 1, 1.44716),
	(1933, 'tolong', 21, 1, 1.14613),
	(1934, 'non', 21, 2, 2.89432),
	(1935, 'wujud', 21, 1, 1.44716),
	(1936, 'tunggu', 21, 5, 7.23579),
	(1937, 'itu', 21, 1, 1.14613),
	(1938, 'ajar', 21, 3, 2.00702),
	(1939, 'sifat', 21, 1, 1.14613),
	(1940, 'bayi', 21, 1, 1.14613),
	(1941, 'mandi', 21, 1, 1.44716),
	(1942, 'rawat', 21, 2, 2.89432),
	(1943, 'tali', 21, 1, 1.44716),
	(1944, 'pusat', 21, 1, 0.669007),
	(1945, 'susu', 21, 1, 1.44716),
	(1946, 'kasih', 21, 1, 1.14613),
	(1947, 'imunisasi', 21, 1, 1.44716),
	(1948, 'kapan', 21, 1, 1.44716),
	(1949, 'panas', 21, 1, 1.14613),
	(1950, 'diginiin', 21, 1, 1.44716),
	(1951, 'bu', 21, 1, 1.14613),
	(1952, 'bayang', 21, 1, 1.44716),
	(1953, 'didik', 21, 1, 0.669007),
	(1954, 'tahu', 21, 1, 1.44716),
	(1955, 'kan', 21, 2, 1.49638),
	(1956, 'guna', 21, 1, 1.14613),
	(1957, 'tutur', 21, 1, 0.748188),
	(1958, 'riski', 21, 2, 2.89432),
	(1959, 'lokasi', 21, 1, 0.845098),
	(1960, 'puskesmas', 21, 1, 1.14613),
	(1961, 'sambil', 21, 1, 1.44716),
	(1962, 'sana', 21, 1, 1.44716),
	(1963, 'rote', 21, 1, 1.44716),
	(1964, 'fasilitas', 21, 1, 1.14613),
	(1965, 'minggu', 21, 1, 1.44716),
	(1966, 'hamil', 22, 2, 2.89432),
	(1967, 'lewat', 22, 1, 1.44716),
	(1968, 'senang', 22, 1, 0.970037),
	(1969, 'tetap', 22, 1, 0.845098),
	(1970, 'sehat', 22, 1, 0.845098),
	(1971, 'periksa', 22, 5, 7.23579),
	(1972, 'baik', 22, 1, 0.544068),
	(1973, 'satu', 22, 1, 0.748188),
	(1974, 'skrining', 22, 2, 2.89432),
	(1975, 'hepatitis', 22, 10, 14.4716),
	(1976, 'beda', 22, 2, 1.49638),
	(1977, 'tindak', 22, 2, 2.29226),
	(1978, 'beri', 22, 5, 3.74094),
	(1979, 'dokter', 22, 2, 1.6902),
	(1980, 'umum', 22, 1, 0.748188),
	(1981, 'hbsag', 22, 5, 7.23579),
	(1982, 'hbsab', 22, 4, 5.78863),
	(1983, 'singkat', 22, 2, 1.94007),
	(1984, 'surface', 22, 2, 2.89432),
	(1985, 'antigen', 22, 1, 1.44716),
	(1986, 'tidak', 22, 2, 1.6902),
	(1987, 'virus', 22, 1, 1.14613),
	(1988, 'tubuh', 22, 2, 2.29226),
	(1989, 'seseorang', 22, 1, 1.14613),
	(1990, 'anti', 22, 3, 4.34147),
	(1991, 'hbs', 22, 1, 1.44716),
	(1992, 'antibody', 22, 1, 1.44716),
	(1993, 'kebal', 22, 2, 2.89432),
	(1994, 'spesialis', 22, 1, 1.14613),
	(1995, 'bidan', 22, 1, 1.14613),
	(1996, 'kandung', 22, 1, 1.44716),
	(1997, 'divisi', 22, 1, 1.44716),
	(1998, 'fetomaternal', 22, 1, 1.44716),
	(1999, 'rsu', 22, 1, 1.44716),
	(2000, 'dr', 22, 4, 3.38039),
	(2001, 'soetomo', 22, 1, 1.44716),
	(2002, 'surabaya', 22, 1, 1.14613),
	(2003, 'rs', 22, 1, 1.14613),
	(2004, 'didik', 22, 1, 0.669007),
	(2005, 'universitas', 22, 1, 0.748188),
	(2006, 'airlangga', 22, 1, 1.14613),
	(2007, 'khanisyah', 22, 1, 1.44716),
	(2008, 'erza', 22, 3, 4.34147),
	(2009, 'gumilar', 22, 1, 1.44716),
	(2010, 'spog', 22, 1, 1.44716),
	(2011, 'akrab', 22, 1, 1.44716),
	(2012, 'sapa', 22, 1, 1.44716),
	(2013, 'negatif', 22, 3, 4.34147),
	(2014, 'positif', 22, 2, 2.29226),
	(2015, 'tanda', 22, 1, 1.44716),
	(2016, 'pasien', 22, 3, 2.53529),
	(2017, 'alami', 22, 1, 1.44716),
	(2018, 'lanjut', 22, 3, 1.80618),
	(2019, 'sifat', 22, 4, 4.58451),
	(2020, 'follow', 22, 1, 1.44716),
	(2021, 'arti', 22, 1, 0.845098),
	(2022, 'susceptible', 22, 1, 1.44716),
	(2023, 'rentan', 22, 1, 0.970037),
	(2024, 'kena', 22, 1, 1.14613),
	(2025, 'wajib', 22, 1, 1.14613),
	(2026, 'vaksin', 22, 2, 2.89432),
	(2027, 'aman', 22, 1, 0.970037),
	(2028, 'detikhealth', 22, 1, 1.14613),
	(2029, 'apabila', 22, 1, 1.14613),
	(2030, 'infeksi', 22, 3, 2.91011),
	(2031, 'hbc', 22, 2, 2.89432),
	(2032, 'igm', 22, 1, 1.44716),
	(2033, 'situ', 22, 1, 1.44716),
	(2034, 'diketahui', 22, 1, 0.970037),
	(2035, 'akut', 22, 1, 1.44716),
	(2036, 'kronis', 22, 1, 1.44716),
	(2037, 'terapi', 22, 1, 1.44716),
	(2038, 'obat', 22, 2, 1.6902),
	(2039, 'world', 23, 1, 1.44716),
	(2040, 'health', 23, 1, 1.44716),
	(2041, 'organization', 23, 1, 1.44716),
	(2042, 'keluar', 23, 1, 0.845098),
	(2043, 'anjuran', 23, 1, 1.44716),
	(2044, 'terap', 23, 1, 0.970037),
	(2045, 'seks', 23, 5, 7.23579),
	(2046, 'aman', 23, 2, 1.94007),
	(2047, 'puasa', 23, 1, 1.44716),
	(2048, 'daerah', 23, 1, 0.748188),
	(2049, 'jangkit', 23, 1, 1.44716),
	(2050, 'zika', 23, 3, 4.34147),
	(2051, 'alas', 23, 1, 0.669007),
	(2052, 'virus', 23, 6, 6.87677),
	(2053, 'sebab', 23, 1, 1.44716),
	(2054, 'cacat', 23, 1, 1.44716),
	(2055, 'bayi', 23, 1, 1.14613),
	(2056, 'tahan', 23, 4, 3.88015),
	(2057, 'sperma', 23, 2, 2.89432),
	(2058, 'tular', 23, 1, 1.44716),
	(2059, 'yakin', 23, 1, 1.14613),
	(2060, 'saran', 23, 1, 1.14613),
	(2061, 'enam', 23, 2, 2.29226),
	(2062, 'lama', 23, 1, 1.44716),
	(2063, 'prediksi', 23, 1, 1.44716),
	(2064, 'studi', 23, 2, 1.6902),
	(2065, 'baru', 23, 1, 0.970037),
	(2066, 'teliti', 23, 5, 7.23579),
	(2067, 'roma', 23, 1, 1.44716),
	(2068, 'itali', 23, 1, 1.44716),
	(2069, 'bukti', 23, 2, 2.29226),
	(2070, 'tampak', 23, 1, 1.14613),
	(2071, 'keliru', 23, 1, 1.44716),
	(2072, 'dokter', 23, 1, 0.845098),
	(2073, 'spallanzani', 23, 1, 1.44716),
	(2074, 'institute', 23, 1, 1.44716),
	(2075, 'infectious', 23, 1, 1.44716),
	(2076, 'diseases', 23, 1, 1.44716),
	(2077, 'temu', 23, 2, 1.49638),
	(2078, 'pasien', 23, 1, 0.845098),
	(2079, 'pria', 23, 2, 1.94007),
	(2080, 'positif', 23, 1, 1.14613),
	(2081, 'gejala', 23, 1, 1.44716),
	(2082, 'infeksi', 23, 1, 0.970037),
	(2083, 'kembang', 23, 2, 1.49638),
	(2084, 'biak', 23, 1, 1.44716),
	(2085, 'kelamin', 23, 2, 2.89432),
	(2086, 'konfirmasi', 23, 1, 1.44716),
	(2087, 'mereplikasi', 23, 1, 1.44716),
	(2088, 'khusus', 23, 1, 0.970037),
	(2089, 'salur', 23, 1, 1.44716),
	(2090, 'laki', 23, 2, 2.29226),
	(2091, 'air', 23, 1, 1.14613),
	(2092, 'mani', 23, 1, 1.44716),
	(2093, 'tulis', 23, 1, 1.14613),
	(2094, 'tim', 23, 1, 0.845098),
	(2095, 'kutip', 23, 1, 1.44716),
	(2096, 'bbc', 23, 1, 1.44716),
	(2097, 'arti', 23, 1, 0.845098),
	(2098, 'potensi', 23, 1, 0.970037),
	(2099, 'transmisi', 23, 1, 1.44716),
	(2100, 'kira', 23, 1, 1.44716),
	(2101, 'juru', 23, 1, 1.14613),
	(2102, 'bicara', 23, 1, 1.14613),
	(2103, 'christian', 23, 1, 1.44716),
	(2104, 'lindmeier', 23, 2, 2.89432),
	(2105, 'timbang', 23, 1, 0.845098),
	(2106, 'situasi', 23, 1, 1.14613),
	(2107, 'wabah', 23, 1, 1.44716),
	(2108, 'konstan', 23, 1, 1.44716),
	(2109, 'lihat', 23, 1, 0.544068),
	(2110, 'evaluasi', 23, 1, 0.970037),
	(2111, 'pandu', 23, 1, 1.44716),
	(2112, 'revisi', 23, 1, 0.970037),
	(2113, 'pungkas', 23, 1, 1.14613),
	(2114, 'jemaah', 24, 2, 2.89432),
	(2115, 'haji', 24, 2, 2.89432),
	(2116, 'arab', 24, 1, 1.44716),
	(2117, 'saudi', 24, 1, 1.44716),
	(2118, 'risiko', 24, 2, 2.89432),
	(2119, 'heat', 24, 1, 1.44716),
	(2120, 'stroke', 24, 1, 1.44716),
	(2121, 'dehidrasi', 24, 1, 1.44716),
	(2122, 'cuaca', 24, 2, 2.89432),
	(2123, 'panas', 24, 5, 5.73064),
	(2124, 'ekstrem', 24, 3, 4.34147),
	(2125, 'luka', 24, 10, 14.4716),
	(2126, 'bakar', 24, 8, 11.5773),
	(2127, 'lepuh', 24, 5, 7.23579),
	(2128, 'intai', 24, 1, 1.44716),
	(2129, 'lindung', 24, 2, 2.89432),
	(2130, 'alas', 24, 1, 0.669007),
	(2131, 'kaki', 24, 2, 2.89432),
	(2132, 'dr', 24, 4, 3.38039),
	(2133, 'i', 24, 2, 2.29226),
	(2134, 'gusti', 24, 1, 1.14613),
	(2135, 'nyoman', 24, 1, 1.44716),
	(2136, 'darmaputra', 24, 1, 1.44716),
	(2137, 'spkk', 24, 1, 1.44716),
	(2138, 'd', 24, 1, 0.970037),
	(2139, 'skin', 24, 1, 1.44716),
	(2140, 'centre', 24, 1, 1.44716),
	(2141, 'denpasar', 24, 1, 1.44716),
	(2142, 'kulit', 24, 8, 11.5773),
	(2143, 'telapak', 24, 1, 1.44716),
	(2144, 'organ', 24, 2, 2.89432),
	(2145, 'tubuh', 24, 1, 1.14613),
	(2146, 'sensitif', 24, 1, 1.44716),
	(2147, 'papar', 24, 1, 1.44716),
	(2148, 'cair', 24, 1, 1.44716),
	(2149, 'buluh', 24, 1, 1.44716),
	(2150, 'darah', 24, 1, 1.44716),
	(2151, 'jaring', 24, 2, 2.29226),
	(2152, 'bentuk', 24, 2, 2.29226),
	(2153, 'gelembung', 24, 2, 2.89432),
	(2154, 'kenal', 24, 2, 2.29226),
	(2155, 'tolong', 24, 4, 4.58451),
	(2156, 'siram', 24, 1, 1.44716),
	(2157, 'air', 24, 1, 1.14613),
	(2158, 'alir', 24, 1, 1.44716),
	(2159, 'beri', 24, 1, 0.748188),
	(2160, 'dingin', 24, 1, 1.44716),
	(2161, 'area', 24, 1, 1.14613),
	(2162, 'rusak', 24, 1, 1.44716),
	(2163, 'lapis', 24, 1, 1.44716),
	(2164, 'baik', 24, 1, 0.544068),
	(2165, 'pecah', 24, 1, 1.44716),
	(2166, 'mudah', 24, 1, 0.544068),
	(2167, 'infeksi', 24, 1, 0.970037),
	(2168, 'unit', 24, 1, 0.970037),
	(2169, 'layan', 24, 1, 1.14613),
	(2170, 'sehat', 24, 1, 0.845098),
	(2171, 'penanganan', 24, 1, 1.44716),
	(2172, 'tutur', 24, 1, 0.748188),
	(2173, 'darma', 24, 3, 4.34147),
	(2174, 'detikhealth', 24, 1, 1.14613),
	(2175, 'segi', 24, 1, 1.44716),
	(2176, 'medis', 24, 1, 1.14613),
	(2177, 'derajat', 24, 4, 5.78863),
	(2178, 'warna', 24, 1, 1.14613),
	(2179, 'merah', 24, 2, 1.94007),
	(2180, 'serta', 24, 2, 1.6902),
	(2181, 'nyeri', 24, 1, 1.44716),
	(2182, 'temu', 24, 1, 0.748188),
	(2183, 'jemur', 24, 1, 1.44716),
	(2184, 'losion', 24, 1, 1.44716),
	(2185, 'sebut', 24, 1, 0.970037),
	(2186, 'sunburn', 24, 1, 1.44716),
	(2187, 'tambah', 24, 1, 0.60206),
	(2188, 'krim', 24, 1, 1.44716),
	(2189, 'salep', 24, 1, 1.44716),
	(2190, 'obat', 24, 1, 0.845098),
	(2191, 'parah', 24, 2, 2.29226),
	(2192, 'hitam', 24, 1, 0.970037),
	(2193, 'kering', 24, 1, 1.44716),
	(2194, 'tampak', 24, 1, 1.14613),
	(2195, 'gosong', 24, 1, 1.44716),
	(2196, 'pasien', 24, 1, 0.845098),
	(2197, 'lanjut', 24, 1, 0.60206),
	(2198, 'rumah', 24, 1, 0.492916),
	(2199, 'sakit', 24, 1, 0.970037),
	(2200, 'pengaruh', 24, 1, 1.14613),
	(2201, 'vital', 24, 1, 1.44716),
	(2202, 'putih', 24, 1, 0.845098),
	(2203, 'kaukasia', 24, 1, 1.44716),
	(2204, 'rentan', 24, 1, 0.970037),
	(2205, 'sengat', 24, 2, 2.29226),
	(2206, 'matahari', 24, 2, 2.89432),
	(2207, 'banding', 24, 1, 0.970037),
	(2208, 'ras', 24, 1, 1.44716),
	(2209, 'rata', 24, 2, 2.29226),
	(2210, 'indonesia', 24, 1, 0.30103),
	(2211, 'sawo', 24, 1, 1.44716),
	(2212, 'matang', 24, 1, 1.44716),
	(2213, 'bilang', 24, 1, 0.970037),
	(2214, 'lumayan', 24, 1, 1.44716),
	(2215, 'pigmen', 24, 1, 1.44716),
	(2216, 'melanin', 24, 1, 1.44716),
	(2217, 'berapa', 24, 1, 1.44716),
	(2218, 'sembuh', 24, 2, 2.89432),
	(2219, 'gantung', 24, 1, 1.44716),
	(2220, 'tutup', 24, 1, 0.748188),
	(2221, 'cenderung', 25, 1, 1.44716),
	(2222, 'obat', 25, 4, 3.38039),
	(2223, 'rumah', 25, 5, 2.46458),
	(2224, 'sakit', 25, 8, 7.76029),
	(2225, 'rs', 25, 2, 2.29226),
	(2226, 'keluh', 25, 1, 1.44716),
	(2227, 'sehat', 25, 4, 3.38039),
	(2228, 'alhasil', 25, 1, 1.44716),
	(2229, 'puskesmas', 25, 9, 10.3152),
	(2230, 'raksasa', 25, 2, 2.89432),
	(2231, 'lantar', 25, 1, 1.44716),
	(2232, 'banjir', 25, 1, 1.14613),
	(2233, 'fasilitas', 25, 1, 1.14613),
	(2234, 'lengkap', 25, 1, 0.845098),
	(2235, 'pantas', 25, 1, 1.44716),
	(2236, 'pandang', 25, 1, 1.44716),
	(2237, 'sebe', 25, 1, 1.44716),
	(2238, 'mata', 25, 2, 2.89432),
	(2239, 'menkes', 25, 1, 1.14613),
	(2240, 'dr', 25, 2, 1.6902),
	(2241, 'nila', 25, 6, 6.87677),
	(2242, 'farid', 25, 1, 1.14613),
	(2243, 'moelok', 25, 1, 1.14613),
	(2244, 'sp', 25, 1, 1.14613),
	(2245, 'm', 25, 1, 0.970037),
	(2246, 'k', 25, 1, 1.14613),
	(2247, 'harap', 25, 2, 1.6902),
	(2248, 'pasien', 25, 1, 0.845098),
	(2249, 'rumas', 25, 1, 1.44716),
	(2250, 'tampung', 25, 1, 1.44716),
	(2251, 'derita', 25, 1, 1.14613),
	(2252, 'ucap', 25, 1, 0.970037),
	(2253, 'anugerah', 25, 1, 1.14613),
	(2254, 'tenaga', 25, 2, 1.33801),
	(2255, 'teladan', 25, 1, 1.14613),
	(2256, 'nasional', 25, 1, 0.669007),
	(2257, 'hotel', 25, 1, 1.14613),
	(2258, 'grand', 25, 1, 1.14613),
	(2259, 'sahid', 25, 1, 1.14613),
	(2260, 'jaya', 25, 1, 0.970037),
	(2261, 'jenderal', 25, 1, 0.970037),
	(2262, 'sudirman', 25, 1, 1.14613),
	(2263, 'jakarta', 25, 1, 0.333215),
	(2264, 'dokter', 25, 8, 6.76078),
	(2265, 'jenjang', 25, 1, 0.970037),
	(2266, 'layan', 25, 4, 4.58451),
	(2267, 'primer', 25, 3, 4.34147),
	(2268, 'menangani', 25, 1, 1.14613),
	(2269, 'pegang', 25, 1, 1.44716),
	(2270, 'rujuk', 25, 2, 2.89432),
	(2271, 'sambung', 25, 1, 1.14613),
	(2272, 'contoh', 25, 1, 1.44716),
	(2273, 'seseorang', 25, 1, 1.14613),
	(2274, 'merah', 25, 1, 0.970037),
	(2275, 'bantu', 25, 1, 0.845098),
	(2276, 'cepat', 25, 1, 1.14613),
	(2277, 'catat', 25, 1, 1.14613),
	(2278, 'parah', 25, 1, 1.14613),
	(2279, 'peran', 25, 1, 0.970037),
	(2280, 'tentu', 25, 1, 0.845098),
	(2281, 'sukses', 25, 1, 0.970037),
	(2282, 'tidak', 25, 1, 0.845098),
	(2283, 'bangun', 25, 1, 0.748188),
	(2284, 'masyarakat', 25, 2, 1.08814),
	(2285, 'ubah', 25, 1, 0.669007),
	(2286, 'perilaku', 25, 1, 1.14613),
	(2287, 'tutur', 25, 1, 0.748188),
	(2288, 'pahlawan', 25, 1, 1.44716),
	(2289, 'bidang', 25, 1, 0.845098),
	(2290, 'moga', 25, 1, 1.14613),
	(2291, 'beda', 25, 1, 0.748188),
	(2292, 'spesialis', 25, 1, 1.14613),
	(2293, 'bumi', 25, 1, 1.44716),
	(2294, 'langit', 25, 1, 1.44716),
	(2295, 'imbuh', 25, 1, 1.14613),
	(2380, 'hujan', 26, 1, 1.44716),
	(2381, 'deras', 26, 1, 1.44716),
	(2382, 'guyur', 26, 1, 1.44716),
	(2383, 'wilayah', 26, 1, 1.44716),
	(2384, 'ibu', 26, 1, 0.845098),
	(2385, 'kota', 26, 1, 0.748188),
	(2386, 'genang', 26, 10, 14.4716),
	(2387, 'banjir', 26, 7, 8.0229),
	(2388, 'titik', 26, 2, 2.89432),
	(2389, 'twitter', 26, 1, 1.14613),
	(2390, 'bpbdjakarta', 26, 1, 1.44716),
	(2391, 'delapan', 26, 1, 1.44716),
	(2392, 'pukul', 26, 15, 14.5506),
	(2393, 'bahari', 26, 1, 1.44716),
	(2394, 'rt', 26, 4, 5.78863),
	(2395, 'lurah', 26, 8, 11.5773),
	(2396, 'gandaria', 26, 1, 1.44716),
	(2397, 'cm', 26, 8, 11.5773),
	(2398, 'rasuna', 26, 1, 1.44716),
	(2399, 'said', 26, 1, 1.44716),
	(2400, 'jakarta', 26, 14, 4.66501),
	(2401, 'letjen', 26, 1, 1.44716),
	(2402, 's', 26, 1, 0.970037),
	(2403, 'parman', 26, 1, 1.44716),
	(2404, 'untar', 26, 1, 1.44716),
	(2405, 'tomang', 26, 1, 1.44716),
	(2406, 'camat', 26, 6, 8.68295),
	(2407, 'grogol', 26, 2, 2.89432),
	(2408, 'tambur', 26, 2, 2.89432),
	(2409, 'h', 26, 2, 2.89432),
	(2410, 'montong', 26, 1, 1.44716),
	(2411, 'ciganjur', 26, 1, 1.44716),
	(2412, 'kedoya', 26, 1, 1.44716),
	(2413, 'raya', 26, 3, 4.34147),
	(2414, 'boulevard', 26, 1, 1.44716),
	(2415, 'kelapa', 26, 1, 1.44716),
	(2416, 'gading', 26, 1, 1.44716),
	(2417, 'kapuk', 26, 2, 2.89432),
	(2418, 'karet', 26, 2, 2.89432),
	(2419, 'pasar', 26, 2, 2.29226),
	(2420, 'timur', 26, 1, 1.14613),
	(2421, 'tengsin', 26, 1, 1.44716),
	(2422, 'tanah', 26, 1, 1.44716),
	(2423, 'abang', 26, 1, 1.44716),
	(2424, 'pusat', 26, 1, 0.669007),
	(2425, 'jagakarsa', 26, 1, 1.44716),
	(2426, 'gang', 26, 1, 1.44716),
	(2427, 'masmun', 26, 1, 1.44716),
	(2428, 'tpu', 26, 1, 1.44716),
	(2429, 'rendam', 26, 6, 8.68295),
	(2430, 'setinggi', 26, 4, 5.78863),
	(2431, 'sentimeter', 26, 4, 5.78863),
	(2432, 'rumah', 26, 1, 0.492916),
	(2433, 'warga', 26, 2, 1.6902),
	(2434, 'rw', 26, 4, 5.78863),
	(2435, 'wijaya', 26, 1, 1.44716),
	(2436, 'kesuma', 26, 1, 1.44716),
	(2437, 'ragunan', 26, 1, 1.44716),
	(2438, 'pondok', 26, 2, 2.89432),
	(2439, 'labu', 26, 2, 2.89432),
	(2440, 'kramat', 26, 1, 1.44716),
	(2441, 'pela', 26, 1, 0.970037),
	(2442, 'kebayoran', 26, 2, 2.89432),
	(2443, 'pohon', 26, 4, 5.78863),
	(2444, 'tumbang', 26, 4, 5.78863),
	(2445, 'mahoni', 26, 1, 1.44716),
	(2446, 'sempal', 26, 1, 1.44716),
	(2447, 'arteri', 26, 1, 1.44716),
	(2448, 'permata', 26, 1, 1.44716),
	(2449, 'hijau', 26, 1, 1.44716),
	(2450, 'jembatan', 26, 1, 1.44716),
	(2451, 'arah', 26, 1, 1.14613),
	(2452, 'ditangani', 26, 1, 1.44716),
	(2453, 'unit', 26, 1, 0.970037),
	(2454, 'tugas', 26, 1, 0.669007),
	(2455, 'nas', 26, 1, 1.44716),
	(2456, 'taman', 26, 1, 1.44716),
	(2457, 'dki', 26, 1, 0.970037),
	(2458, 'ppsu', 26, 1, 1.44716),
	(2459, 'longsor', 26, 1, 1.44716),
	(2460, 'melati', 26, 1, 1.44716),
	(2461, 'sedot', 26, 1, 1.44716),
	(2462, 'evakuasi', 26, 1, 1.44716),
	(2463, 'jiwa', 26, 1, 1.44716),
	(2464, 'dampak', 26, 1, 1.44716),
	(2465, 'main', 27, 1, 0.544068),
	(2466, 'film', 27, 8, 11.5773),
	(2467, 'pinky', 27, 2, 2.89432),
	(2468, 'promise', 27, 2, 2.89432),
	(2469, 'artis', 27, 1, 1.44716),
	(2470, 'peran', 27, 2, 1.94007),
	(2471, 'model', 27, 1, 0.669007),
	(2472, 'bawa', 27, 1, 1.14613),
	(2473, 'maudy', 27, 5, 7.23579),
	(2474, 'koesnaedi', 27, 2, 2.89432),
	(2475, 'ajar', 27, 1, 0.669007),
	(2476, 'anak', 27, 6, 5.07059),
	(2477, 'derita', 27, 2, 2.29226),
	(2478, 'kanker', 27, 5, 7.23579),
	(2479, 'ibu', 27, 2, 1.6902),
	(2480, 'dilema', 27, 2, 2.89432),
	(2481, 'damping', 27, 2, 1.94007),
	(2482, 'putri', 27, 1, 1.44716),
	(2483, 'diagnosis', 27, 1, 1.44716),
	(2484, 'kena', 27, 2, 2.29226),
	(2485, 'payudara', 27, 3, 4.34147),
	(2486, 'suami', 27, 2, 2.89432),
	(2487, 'beda', 27, 1, 0.748188),
	(2488, 'dapat', 27, 2, 1.94007),
	(2489, 'obat', 27, 1, 0.845098),
	(2490, 'jalan', 27, 1, 1.44716),
	(2491, 'sang', 27, 1, 1.44716),
	(2492, 'men', 27, 1, 1.44716),
	(2493, 'support', 27, 1, 1.44716),
	(2494, 'per', 27, 1, 1.44716),
	(2495, 'jumpa', 27, 1, 1.14613),
	(2496, 'pers', 27, 1, 1.14613),
	(2497, 'luncur', 27, 1, 0.669007),
	(2498, 'trailer', 27, 1, 1.44716),
	(2499, 'poster', 27, 1, 1.44716),
	(2500, 'plaza', 27, 1, 1.44716),
	(2501, 'senayan', 27, 1, 1.14613),
	(2502, 'xxi', 27, 1, 1.44716),
	(2503, 'jakarta', 27, 1, 0.333215),
	(2504, 'pusat', 27, 1, 0.669007),
	(2505, 'betul', 27, 1, 0.970037),
	(2506, 'istri', 27, 1, 1.44716),
	(2507, 'hormat', 27, 1, 1.14613),
	(2508, 'sambung', 27, 1, 1.14613),
	(2509, 'karya', 27, 1, 1.44716),
	(2510, 'guntur', 27, 1, 1.44716),
	(2511, 'soeharjanto', 27, 1, 1.44716),
	(2512, 'gambar', 27, 1, 0.970037),
	(2513, 'dekat', 27, 1, 0.970037),
	(2514, 'dukung', 27, 1, 0.748188),
	(2515, 'keluarga', 27, 1, 0.748188),
	(2516, 'tempat', 27, 1, 0.748188),
	(2517, 'survivor', 27, 2, 2.89432),
	(2518, 'sintas', 27, 1, 1.44716),
	(2519, 'gimana', 27, 1, 1.44716),
	(2520, 'kadang', 27, 1, 1.44716),
	(2521, 'kan', 27, 2, 1.49638),
	(2522, 'pengin', 27, 1, 1.44716),
	(2523, 'ngebantu', 27, 1, 1.44716),
	(2524, 'hati', 27, 1, 0.845098),
	(2525, 'jadi', 27, 1, 1.44716),
	(2526, 'ngeganggu', 27, 1, 1.44716),
	(2527, 'laki', 27, 2, 2.29226),
	(2528, 'motivasi', 27, 1, 1.44716),
	(2529, 'yakin', 27, 1, 1.14613),
	(2530, 'masalah', 27, 1, 1.44716),
	(2531, 'bantu', 27, 1, 0.845098),
	(2532, 'nah', 27, 1, 0.845098),
	(2533, 'buat', 27, 1, 0.970037),
	(2534, 'pembelajaran', 27, 1, 1.44716),
	(2535, 'lihat', 27, 1, 0.544068),
	(2536, 'sisi', 27, 1, 0.845098),
	(2537, 'mana', 27, 1, 1.44716),
	(2538, 'ujar', 27, 1, 0.845098),
	(2539, 'bintang', 27, 1, 1.44716),
	(2540, 'agni', 27, 1, 1.44716),
	(2541, 'pratista', 27, 1, 1.44716),
	(2542, 'dhea', 27, 1, 1.44716),
	(2543, 'seto', 27, 1, 1.44716),
	(2544, 'ira', 27, 1, 1.44716),
	(2545, 'maya', 27, 1, 1.44716),
	(2546, 'sopha', 27, 1, 1.44716),
	(2547, 'dea', 27, 1, 1.44716),
	(2548, 'ananda', 27, 1, 1.44716),
	(2549, 'chelsea', 27, 1, 1.44716),
	(2550, 'islan', 27, 1, 1.44716),
	(2551, 'alexandra', 27, 1, 1.44716),
	(2552, 'gottardo', 27, 1, 1.44716),
	(2553, 'gunawan', 27, 1, 1.14613),
	(2554, 'ringgo', 27, 1, 1.44716),
	(2555, 'agus', 27, 1, 1.14613),
	(2556, 'rachman', 27, 1, 1.44716),
	(2557, 'putar', 27, 1, 1.44716),
	(2558, 'bioskop', 27, 1, 1.44716),
	(2559, 'oktober', 27, 1, 1.44716),
	(2560, 'dapat', 28, 1, 0.970037),
	(2561, 'reyvelino', 28, 5, 7.23579),
	(2562, 'sasiang', 28, 1, 1.44716),
	(2563, 'anggota', 28, 1, 1.44716),
	(2564, 'paskibraka', 28, 2, 2.89432),
	(2565, 'sulawesi', 28, 1, 1.44716),
	(2566, 'ingat', 28, 1, 0.970037),
	(2567, 'merdeka', 28, 2, 2.29226),
	(2568, 'republik', 28, 1, 1.44716),
	(2569, 'indonesia', 28, 2, 0.60206),
	(2570, 'istana', 28, 2, 2.89432),
	(2571, 'ambil', 28, 2, 2.29226),
	(2572, 'upacara', 28, 7, 10.1301),
	(2573, 'naik', 28, 4, 5.78863),
	(2574, 'turun', 28, 5, 5.73064),
	(2575, 'bendera', 28, 8, 11.5773),
	(2576, 'merah', 28, 2, 1.94007),
	(2577, 'putih', 28, 2, 1.6902),
	(2578, 'bangga', 28, 3, 4.34147),
	(2579, 'banget', 28, 4, 5.78863),
	(2580, 'enggak', 28, 2, 2.89432),
	(2581, 'nyangka', 28, 1, 1.44716),
	(2582, 'beri', 28, 1, 0.748188),
	(2583, 'temu', 28, 1, 0.748188),
	(2584, 'wisma', 28, 1, 1.44716),
	(2585, 'negara', 28, 1, 0.845098),
	(2586, 'agustus', 28, 1, 0.669007),
	(2587, 'petang', 28, 1, 1.44716),
	(2588, 'anak', 28, 1, 0.845098),
	(2589, 'tukang', 28, 1, 1.44716),
	(2590, 'bangun', 28, 1, 0.748188),
	(2591, 'awal', 28, 1, 1.14613),
	(2592, 'tugas', 28, 2, 1.33801),
	(2593, 'sore', 28, 1, 1.44716),
	(2594, 'buntut', 28, 1, 1.44716),
	(2595, 'gugur', 28, 1, 1.44716),
	(2596, 'gloria', 28, 2, 2.89432),
	(2597, 'natapraja', 28, 1, 1.44716),
	(2598, 'hamel', 28, 1, 1.44716),
	(2599, 'tim', 28, 3, 2.53529),
	(2600, 'arjuna', 28, 2, 2.89432),
	(2601, 'hilang', 28, 1, 1.14613),
	(2602, 'personel', 28, 2, 2.89432),
	(2603, 'diketahui', 28, 1, 0.970037),
	(2604, 'harus', 28, 1, 0.845098),
	(2605, 'sepakat', 28, 1, 1.44716),
	(2606, 'latih', 28, 1, 0.845098),
	(2607, 'tempat', 28, 1, 0.748188),
	(2608, 'serpih', 28, 1, 1.44716),
	(2609, 'kiri', 28, 1, 1.44716),
	(2610, 'kelompok', 28, 2, 1.94007),
	(2611, 'tutup', 28, 1, 0.748188),
	(2612, 'kurang', 28, 1, 1.44716),
	(2613, 'posisi', 28, 1, 1.44716),
	(2614, 'juru', 28, 1, 1.14613),
	(2615, 'geser', 28, 1, 1.44716),
	(2616, 'muda', 28, 1, 1.44716),
	(2617, 'sangihe', 28, 2, 2.89432),
	(2618, 'pulau', 28, 1, 1.44716),
	(2619, 'luar', 28, 1, 1.44716),
	(2620, 'grogi', 28, 3, 4.34147),
	(2621, 'laksana', 28, 1, 0.748188),
	(2622, 'hati', 28, 1, 0.845098),
	(2623, 'senang', 28, 2, 1.94007),
	(2624, 'kibar', 28, 1, 1.44716),
	(2625, 'sayang', 28, 1, 0.970037),
	(2626, 'orangtua', 28, 3, 3.43838),
	(2627, 'hadir', 28, 1, 1.44716),
	(2628, 'banyak', 28, 1, 1.14613),
	(2629, 'rekan', 28, 1, 1.14613),
	(2630, 're', 28, 1, 1.44716),
	(2631, 'alas', 28, 1, 0.669007),
	(2632, 'jaga', 28, 1, 1.44716),
	(2633, 'adik', 28, 1, 1.44716),
	(2634, 'keluarga', 28, 1, 0.748188),
	(2635, 'wakil', 28, 1, 0.60206),
	(2636, 'pupu', 28, 1, 1.44716),
	(2637, 'jakarta', 28, 1, 0.333215),
	(2638, 'tunai', 28, 1, 1.44716),
	(2639, 'telpon', 28, 1, 1.44716),
	(2640, 'pelosok', 28, 1, 1.14613),
	(2641, 'sampai', 28, 1, 0.845098),
	(2642, 'bapa', 28, 1, 1.44716),
	(2643, 'mama', 28, 1, 1.44716),
	(2644, 'bilang', 28, 1, 0.970037),
	(2645, 'selamat', 28, 1, 1.44716),
	(2646, 'kamu', 28, 1, 1.44716),
	(2647, 'baik', 28, 1, 0.544068),
	(2648, 'lihat', 28, 1, 0.544068),
	(2649, 'ucap', 28, 1, 0.970037);